0 1 30 31 180 181 210 211 360 361 366 367 0 0 
1 2 31 32 186 187 216 217 366 367 372 373 0 0 
2 3 32 33 192 193 222 223 372 373 378 379 0 0 
3 4 33 34 198 199 228 229 378 379 384 385 0 0 
4 5 34 35 204 205 234 235 384 385 390 391 0 0 
6 7 36 37 181 182 211 212 361 362 367 368 0 0 
7 8 37 38 187 188 217 218 367 368 373 374 0 0 
8 9 38 39 193 194 223 224 373 374 379 380 0 0 
9 10 39 40 199 200 229 230 379 380 385 386 0 0 
10 11 40 41 205 206 235 236 385 386 391 392 0 0 
12 13 42 43 182 183 212 213 362 363 368 369 0 0 
13 14 43 44 188 189 218 219 368 369 374 375 0 0 
14 15 44 45 194 195 224 225 374 375 380 381 0 0 
15 16 45 46 200 201 230 231 380 381 386 387 0 0 
16 17 46 47 206 207 236 237 386 387 392 393 0 0 
18 19 48 49 183 184 213 214 363 364 369 370 0 0 
19 20 49 50 189 190 219 220 369 370 375 376 0 0 
20 21 50 51 195 196 225 226 375 376 381 382 0 0 
21 22 51 52 201 202 231 232 381 382 387 388 0 0 
22 23 52 53 207 208 237 238 387 388 393 394 0 0 
24 25 54 55 184 185 214 215 364 365 370 371 0 0 
25 26 55 56 190 191 220 221 370 371 376 377 0 0 
26 27 56 57 196 197 226 227 376 377 382 383 0 0 
27 28 57 58 202 203 232 233 382 383 388 389 0 0 
28 29 58 59 208 209 238 239 388 389 394 395 0 0 
30 31 60 61 210 211 240 241 396 397 402 403 0 0 
31 32 61 62 216 217 246 247 402 403 408 409 0 0 
32 33 62 63 222 223 252 253 408 409 414 415 0 0 
33 34 63 64 228 229 258 259 414 415 420 421 0 0 
34 35 64 65 234 235 264 265 420 421 426 427 0 0 
36 37 66 67 211 212 241 242 397 398 403 404 0 0 
37 38 67 68 217 218 247 248 403 404 409 410 0 0 
38 39 68 69 223 224 253 254 409 410 415 416 0 0 
39 40 69 70 229 230 259 260 415 416 421 422 0 0 
40 41 70 71 235 236 265 266 421 422 427 428 0 0 
42 43 72 73 212 213 242 243 398 399 404 405 0 0 
43 44 73 74 218 219 248 249 404 405 410 411 0 0 
44 45 74 75 224 225 254 255 410 411 416 417 0 0 
45 46 75 76 230 231 260 261 416 417 422 423 0 0 
46 47 76 77 236 237 266 267 422 423 428 429 0 0 
48 49 78 79 213 214 243 244 399 400 405 406 0 0 
49 50 79 80 219 220 249 250 405 406 411 412 0 0 
50 51 80 81 225 226 255 256 411 412 417 418 0 0 
51 52 81 82 231 232 261 262 417 418 423 424 0 0 
52 53 82 83 237 238 267 268 423 424 429 430 0 0 
54 55 84 85 214 215 244 245 400 401 406 407 0 0 
55 56 85 86 220 221 250 251 406 407 412 413 0 0 
56 57 86 87 226 227 256 257 412 413 418 419 0 0 
57 58 87 88 232 233 262 263 418 419 424 425 0 0 
58 59 88 89 238 239 268 269 424 425 430 431 0 0 
60 61 90 91 240 241 270 271 432 433 438 439 0 0 
61 62 91 92 246 247 276 277 438 439 444 445 0 0 
62 63 92 93 252 253 282 283 444 445 450 451 0 0 
63 64 93 94 258 259 288 289 450 451 456 457 0 0 
64 65 94 95 264 265 294 295 456 457 462 463 0 0 
66 67 96 97 241 242 271 272 433 434 439 440 0 0 
67 68 97 98 247 248 277 278 439 440 445 446 0 0 
68 69 98 99 253 254 283 284 445 446 451 452 0 0 
69 70 99 100 259 260 289 290 451 452 457 458 0 0 
70 71 100 101 265 266 295 296 457 458 463 464 0 0 
72 73 102 103 242 243 272 273 434 435 440 441 0 0 
73 74 103 104 248 249 278 279 440 441 446 447 0 0 
74 75 104 105 254 255 284 285 446 447 452 453 0 0 
75 76 105 106 260 261 290 291 452 453 458 459 0 0 
76 77 106 107 266 267 296 297 458 459 464 465 0 0 
78 79 108 109 243 244 273 274 435 436 441 442 0 0 
79 80 109 110 249 250 279 280 441 442 447 448 0 0 
80 81 110 111 255 256 285 286 447 448 453 454 0 0 
81 82 111 112 261 262 291 292 453 454 459 460 0 0 
82 83 112 113 267 268 297 298 459 460 465 466 0 0 
84 85 114 115 244 245 274 275 436 437 442 443 0 0 
85 86 115 116 250 251 280 281 442 443 448 449 0 0 
86 87 116 117 256 257 286 287 448 449 454 455 0 0 
87 88 117 118 262 263 292 293 454 455 460 461 0 0 
88 89 118 119 268 269 298 299 460 461 466 467 0 0 
90 91 120 121 270 271 300 301 468 469 474 475 0 0 
91 92 121 122 276 277 306 307 474 475 480 481 0 0 
92 93 122 123 282 283 312 313 480 481 486 487 0 0 
93 94 123 124 288 289 318 319 486 487 492 493 0 0 
94 95 124 125 294 295 324 325 492 493 498 499 0 0 
96 97 126 127 271 272 301 302 469 470 475 476 0 0 
97 98 127 128 277 278 307 308 475 476 481 482 0 0 
98 99 128 129 283 284 313 314 481 482 487 488 0 0 
99 100 129 130 289 290 319 320 487 488 493 494 0 0 
100 101 130 131 295 296 325 326 493 494 499 500 0 0 
102 103 132 133 272 273 302 303 470 471 476 477 0 0 
103 104 133 134 278 279 308 309 476 477 482 483 0 0 
104 105 134 135 284 285 314 315 482 483 488 489 0 0 
105 106 135 136 290 291 320 321 488 489 494 495 0 0 
106 107 136 137 296 297 326 327 494 495 500 501 0 0 
108 109 138 139 273 274 303 304 471 472 477 478 0 0 
109 110 139 140 279 280 309 310 477 478 483 484 0 0 
110 111 140 141 285 286 315 316 483 484 489 490 0 0 
111 112 141 142 291 292 321 322 489 490 495 496 0 0 
112 113 142 143 297 298 327 328 495 496 501 502 0 0 
114 115 144 145 274 275 304 305 472 473 478 479 0 0 
115 116 145 146 280 281 310 311 478 479 484 485 0 0 
116 117 146 147 286 287 316 317 484 485 490 491 0 0 
117 118 147 148 292 293 322 323 490 491 496 497 0 0 
118 119 148 149 298 299 328 329 496 497 502 503 0 0 
120 121 150 151 300 301 330 331 504 505 510 511 0 0 
121 122 151 152 306 307 336 337 510 511 516 517 0 0 
122 123 152 153 312 313 342 343 516 517 522 523 0 0 
123 124 153 154 318 319 348 349 522 523 528 529 0 0 
124 125 154 155 324 325 354 355 528 529 534 535 0 0 
126 127 156 157 301 302 331 332 505 506 511 512 0 0 
127 128 157 158 307 308 337 338 511 512 517 518 0 0 
128 129 158 159 313 314 343 344 517 518 523 524 0 0 
129 130 159 160 319 320 349 350 523 524 529 530 0 0 
130 131 160 161 325 326 355 356 529 530 535 536 0 0 
132 133 162 163 302 303 332 333 506 507 512 513 0 0 
133 134 163 164 308 309 338 339 512 513 518 519 0 0 
134 135 164 165 314 315 344 345 518 519 524 525 0 0 
135 136 165 166 320 321 350 351 524 525 530 531 0 0 
136 137 166 167 326 327 356 357 530 531 536 537 0 0 
138 139 168 169 303 304 333 334 507 508 513 514 0 0 
139 140 169 170 309 310 339 340 513 514 519 520 0 0 
140 141 170 171 315 316 345 346 519 520 525 526 0 0 
141 142 171 172 321 322 351 352 525 526 531 532 0 0 
142 143 172 173 327 328 357 358 531 532 537 538 0 0 
144 145 174 175 304 305 334 335 508 509 514 515 0 0 
145 146 175 176 310 311 340 341 514 515 520 521 0 0 
146 147 176 177 316 317 346 347 520 521 526 527 0 0 
147 148 177 178 322 323 352 353 526 527 532 533 0 0 
148 149 178 179 328 329 358 359 532 533 538 539 0 0 
