time = 	1
x	y	z	u*	u	|u* - u|
1,4	1,4	1,4	0,169967142900241	0,159139976375839	0,0108271665244019
			0,169967142900241	0,159139976375067	0,0108271665251744
			0,169967142900241	0,159139976375187	0,0108271665250543
1,4	2,4	1,4	-0,737393715541245	-0,640443279492766	0,0969504360484796
			0,169967142900241	0,159139976369968	0,0108271665302727
			0,169967142900241	0,16146070694593	0,00850643595431058
1,4	3,4	1,4	-0,966798192579461	-0,848706636969927	0,118091555609534
			0,169967142900241	0,159139976376424	0,0108271665238173
			0,169967142900241	0,161752815993237	0,00821432690700377
2,4	1,4	1,4	0,169967142900241	0,159139976372726	0,010827166527515
			0,169967142900241	0,16146070695	0,00850643595024089
			-0,737393715541245	-0,640443279491719	0,0969504360495266
2,4	2,4	1,4	-0,737393715541245	-0,640443279491763	0,0969504360494821
			0,169967142900241	0,161460706943674	0,00850643595656744
			-0,737393715541245	-0,632070320582176	0,10532339495907
2,4	3,4	1,4	-0,966798192579461	-0,848706636961696	0,118091555617765
			0,169967142900241	0,161460706950867	0,00850643594937392
			-0,737393715541245	-0,631304979634731	0,106088735906515
1,4	1,4	2,4	0,169967142900241	0,16146070694901	0,0085064359512311
			-0,737393715541245	-0,640443279494298	0,0969504360469479
			0,169967142900241	0,15913997636864	0,0108271665316009
1,4	2,4	2,4	-0,737393715541245	-0,632070320581906	0,105323394959339
			-0,737393715541245	-0,640443279496902	0,0969504360443438
			0,169967142900241	0,161460706944241	0,0085064359560004
1,4	3,4	2,4	-0,966798192579461	-0,83810807131998	0,128690121259481
			-0,737393715541245	-0,640443279491065	0,0969504360501799
			0,169967142900241	0,161752816007101	0,00821432689313997
2,4	1,4	2,4	0,169967142900241	0,161460706948745	0,0085064359514965
			-0,737393715541245	-0,632070320582753	0,105323394958492
			-0,737393715541245	-0,640443279500499	0,0969504360407462
2,4	2,4	2,4	-0,737393715541245	-0,632070320579928	0,105323394961318
			-0,737393715541245	-0,632070320587867	0,105323394953378
			-0,737393715541245	-0,6320703205907	0,105323394950546
2,4	3,4	2,4	-0,966798192579461	-0,83810807131689	0,128690121262572
			-0,737393715541245	-0,632070320575488	0,105323394965758
			-0,737393715541245	-0,63130497962388	0,106088735917366
1,4	1,4	3,4	0,169967142900241	0,16175281599704	0,00821432690320115
			-0,966798192579461	-0,848706636968774	0,118091555610687
			0,169967142900241	0,15913997637842	0,0108271665218206
1,4	2,4	3,4	-0,737393715541245	-0,631304979633039	0,106088735908207
			-0,966798192579461	-0,848706636968139	0,118091555611322
			0,169967142900241	0,161460706948436	0,00850643595180517
1,4	3,4	3,4	-0,966798192579461	-0,83738941885571	0,129408773723751
			-0,966798192579461	-0,848706636966182	0,118091555613279
			0,169967142900241	0,161752815991246	0,0082143269089954
2,4	1,4	3,4	0,169967142900241	0,161752815999059	0,00821432690118212
			-0,966798192579461	-0,838108071321542	0,128690121257919
			-0,737393715541245	-0,640443279486506	0,0969504360547394
2,4	2,4	3,4	-0,737393715541245	-0,631304979630944	0,106088735910301
			-0,966798192579461	-0,838108071321569	0,128690121257892
			-0,737393715541245	-0,632070320570613	0,105323394970632
2,4	3,4	3,4	-0,966798192579461	-0,837389418857179	0,129408773722282
			-0,966798192579461	-0,838108071313362	0,128690121266099
			-0,737393715541245	-0,631304979625378	0,106088735915867
1,4	1,4	4,4	0,169967142900241	0,161558076634125	0,00840906626611568
			-0,307332869978419	-0,276297493127995	0,031035376850424
			0,169967142900241	0,159139976368815	0,0108271665314262
1,4	2,4	4,4	-0,737393715541245	-0,631815206927949	0,105578508613296
			-0,307332869978419	-0,276297493135405	0,0310353768430141
			0,169967142900241	0,161460706944578	0,00850643595566322
1,4	3,4	4,4	-0,966798192579461	-0,837868520495522	0,128929672083939
			-0,307332869978419	-0,276297493127655	0,0310353768507646
			0,169967142900241	0,161752816007197	0,00821432689304377
2,4	1,4	4,4	0,169967142900241	0,161558076630228	0,0084090662700135
			-0,307332869978419	-0,272304363640504	0,0350285063379153
			-0,737393715541245	-0,640443279499578	0,0969504360416679
2,4	2,4	4,4	-0,737393715541245	-0,63181520692719	0,105578508614056
			-0,307332869978419	-0,272304363649541	0,0350285063288788
			-0,737393715541245	-0,632070320590168	0,105323394951078
2,4	3,4	4,4	-0,966798192579461	-0,837868520485815	0,128929672093646
			-0,307332869978419	-0,272304363640818	0,0350285063376018
			-0,737393715541245	-0,631304979624017	0,106088735917228
time = 	1,5
x	y	z	u*	u	|u* - u|
1,4	1,4	1,4	0,169967142900241	0,160593723625312	0,00937341927492949
			0,169967142900241	0,160593723625068	0,00937341927517291
			0,169967142900241	0,160593723624314	0,00937341927592664
1,4	2,4	1,4	-0,737393715541245	-0,635746349971971	0,101647365569274
			0,169967142900241	0,160593723618572	0,00937341928166943
			0,169967142900241	0,165607162211936	0,00435998068830548
1,4	3,4	1,4	-0,966798192579461	-0,843196074910152	0,123602117669309
			0,169967142900241	0,160593723628577	0,00937341927166382
			0,169967142900241	0,166667401972711	0,00329974092753002
2,4	1,4	1,4	0,169967142900241	0,160593723621497	0,00937341927874427
			0,169967142900241	0,165607162214016	0,00435998068622465
			-0,737393715541245	-0,635746349970601	0,101647365570645
2,4	2,4	1,4	-0,737393715541245	-0,635746349969733	0,101647365571513
			0,169967142900241	0,165607162207154	0,00435998069308738
			-0,737393715541245	-0,618781896280521	0,118611819260725
2,4	3,4	1,4	-0,966798192579461	-0,843196074902405	0,123602117677056
			0,169967142900241	0,165607162216362	0,00435998068387952
			-0,737393715541245	-0,615697404587084	0,121696310954162
1,4	1,4	2,4	0,169967142900241	0,165607162214341	0,00435998068590024
			-0,737393715541245	-0,635746349971438	0,101647365569807
			0,169967142900241	0,160593723619862	0,00937341928037905
1,4	2,4	2,4	-0,737393715541245	-0,61878189628096	0,118611819260286
			-0,737393715541245	-0,635746349976205	0,101647365565041
			0,169967142900241	0,165607162211841	0,00435998068839974
1,4	3,4	2,4	-0,966798192579461	-0,822599126182251	0,14419906639721
			-0,737393715541245	-0,635746349963863	0,101647365577383
			0,169967142900241	0,166667401979879	0,00329974092036159
2,4	1,4	2,4	0,169967142900241	0,165607162211885	0,00435998068835605
			-0,737393715541245	-0,618781896283809	0,118611819257437
			-0,737393715541245	-0,635746349976089	0,101647365565156
2,4	2,4	2,4	-0,737393715541245	-0,618781896278461	0,118611819262785
			-0,737393715541245	-0,618781896288589	0,118611819252656
			-0,737393715541245	-0,618781896285184	0,118611819256061
2,4	3,4	2,4	-0,966798192579461	-0,822599126178655	0,144199066400806
			-0,737393715541245	-0,618781896271869	0,118611819269376
			-0,737393715541245	-0,615697404579621	0,121696310961625
1,4	1,4	3,4	0,169967142900241	0,166667401975238	0,00329974092500304
			-0,966798192579461	-0,843196074906807	0,123602117672654
			0,169967142900241	0,160593723627203	0,00937341927303778
1,4	2,4	3,4	-0,737393715541245	-0,615697404583069	0,121696310958177
			-0,966798192579461	-0,843196074908021	0,12360211767144
			0,169967142900241	0,165607162215165	0,00435998068507568
1,4	3,4	3,4	-0,966798192579461	-0,819281663733911	0,14751652884555
			-0,966798192579461	-0,843196074900474	0,123602117678987
			0,169967142900241	0,166667401972743	0,00329974092749771
2,4	1,4	3,4	0,169967142900241	0,166667401975009	0,00329974092523208
			-0,966798192579461	-0,82259912618375	0,144199066395711
			-0,737393715541245	-0,635746349963213	0,101647365578032
2,4	2,4	3,4	-0,737393715541245	-0,615697404581698	0,121696310959547
			-0,966798192579461	-0,822599126184681	0,14419906639478
			-0,737393715541245	-0,618781896264432	0,118611819276814
2,4	3,4	3,4	-0,966798192579461	-0,819281663734525	0,147516528844936
			-0,966798192579461	-0,822599126172676	0,144199066406785
			-0,737393715541245	-0,615697404575771	0,121696310965474
1,4	1,4	4,4	0,169967142900241	0,165960575471058	0,00400656742918284
			-0,307332869978419	-0,273623598773155	0,0337092712052643
			0,169967142900241	0,160593723618841	0,00937341928139993
1,4	2,4	4,4	-0,737393715541245	-0,61775373237547	0,119639983165775
			-0,307332869978419	-0,27362359878231	0,0337092711961089
			0,169967142900241	0,165607162211116	0,00435998068912494
1,4	3,4	4,4	-0,966798192579461	-0,821493305362238	0,145304887217223
			-0,307332869978419	-0,273623598769694	0,0337092712087251
			0,169967142900241	0,166667401980824	0,00329974091941662
2,4	1,4	4,4	0,169967142900241	0,165960575466815	0,00400656743342639
			-0,307332869978419	-0,264606836383821	0,0427260335945979
			-0,737393715541245	-0,635746349976031	0,101647365565214
2,4	2,4	4,4	-0,737393715541245	-0,617753732372894	0,119639983168352
			-0,307332869978419	-0,264606836397247	0,0427260335811727
			-0,737393715541245	-0,618781896284985	0,118611819256261
2,4	3,4	4,4	-0,966798192579461	-0,821493305351631	0,14530488722783
			-0,307332869978419	-0,26460683638394	0,0427260335944791
			-0,737393715541245	-0,615697404577602	0,121696310963643
time = 	2
x	y	z	u*	u	|u* - u|
1,4	1,4	1,4	0,169967142900241	0,161670384600346	0,00829675829989487
			0,169967142900241	0,161670384600321	0,00829675829991963
			0,169967142900241	0,161670384599769	0,00829675830047205
1,4	2,4	1,4	-0,737393715541245	-0,632516769641673	0,104876945899572
			0,169967142900241	0,161670384595318	0,0082967583049228
			0,169967142900241	0,168856482300146	0,00111066060009476
1,4	3,4	1,4	-0,966798192579461	-0,83954335580263	0,127254836776831
			0,169967142900241	0,161670384606676	0,00829675829356533
			0,169967142900241	0,170753223536153	0,000786080635912317
2,4	1,4	1,4	0,169967142900241	0,161670384597314	0,00829675830292689
			0,169967142900241	0,168856482299817	0,00111066060042381
			-0,737393715541245	-0,632516769640203	0,104876945901043
2,4	2,4	1,4	-0,737393715541245	-0,632516769638524	0,104876945902721
			0,169967142900241	0,16885648229619	0,00111066060405077
			-0,737393715541245	-0,609038174104275	0,128355541436971
2,4	3,4	1,4	-0,966798192579461	-0,839543355801789	0,127254836777672
			0,169967142900241	0,168856482304643	0,00111066059559842
			-0,737393715541245	-0,603449025386015	0,133944690155231
1,4	1,4	2,4	0,169967142900241	0,16885648230276	0,00111066059748058
			-0,737393715541245	-0,632516769639291	0,104876945901954
			0,169967142900241	0,161670384598537	0,00829675830170365
1,4	2,4	2,4	-0,737393715541245	-0,609038174103724	0,128355541437522
			-0,737393715541245	-0,632516769645729	0,104876945895516
			0,169967142900241	0,168856482302431	0,00111066059781009
1,4	3,4	2,4	-0,966798192579461	-0,81156856958201	0,155229622997451
			-0,737393715541245	-0,632516769627525	0,104876945913721
			0,169967142900241	0,170753223534151	0,000786080633909753
2,4	1,4	2,4	0,169967142900241	0,168856482297762	0,00111066060247864
			-0,737393715541245	-0,609038174108759	0,128355541432487
			-0,737393715541245	-0,632516769640434	0,104876945900812
2,4	2,4	2,4	-0,737393715541245	-0,609038174100737	0,128355541440509
			-0,737393715541245	-0,609038174111053	0,128355541430192
			-0,737393715541245	-0,609038174102235	0,128355541439011
2,4	3,4	2,4	-0,966798192579461	-0,811568569579428	0,155229623000033
			-0,737393715541245	-0,609038174093452	0,128355541447794
			-0,737393715541245	-0,603449025382295	0,133944690158951
1,4	1,4	3,4	0,169967142900241	0,170753223538184	0,000786080637943137
			-0,966798192579461	-0,839543355799095	0,127254836780367
			0,169967142900241	0,16167038460154	0,00829675829870133
1,4	2,4	3,4	-0,737393715541245	-0,603449025379169	0,133944690162076
			-0,966798192579461	-0,839543355804651	0,12725483677481
			0,169967142900241	0,168856482303544	0,00111066059669671
1,4	3,4	3,4	-0,966798192579461	-0,805402968880558	0,161395223698904
			-0,966798192579461	-0,839543355790329	0,127254836789132
			0,169967142900241	0,170753223539734	0,000786080639493231
2,4	1,4	3,4	0,169967142900241	0,170753223533961	0,000786080633720238
			-0,966798192579461	-0,811568569583531	0,15522962299593
			-0,737393715541245	-0,632516769631762	0,104876945909484
2,4	2,4	3,4	-0,737393715541245	-0,603449025378043	0,133944690163203
			-0,966798192579461	-0,811568569587685	0,155229622991776
			-0,737393715541245	-0,609038174086013	0,128355541455232
2,4	3,4	3,4	-0,966798192579461	-0,805402968876187	0,161395223703274
			-0,966798192579461	-0,811568569572672	0,155229623006789
			-0,737393715541245	-0,603449025373905	0,133944690167341
1,4	1,4	4,4	0,169967142900241	0,169488729383851	0,000478413516390247
			-0,307332869978419	-0,27132748570888	0,0360053842695395
			0,169967142900241	0,161670384596501	0,00829675830373997
1,4	2,4	4,4	-0,737393715541245	-0,607175124522003	0,130218591019243
			-0,307332869978419	-0,271327485717492	0,0360053842609278
			0,169967142900241	0,168856482300803	0,00111066059943768
1,4	3,4	4,4	-0,966798192579461	-0,809513369342747	0,157284823236714
			-0,307332869978419	-0,271327485702666	0,0360053842757532
			0,169967142900241	0,170753223535289	0,000786080635048203
2,4	1,4	4,4	0,169967142900241	0,16948872938112	0,000478413519120841
			-0,307332869978419	-0,257638432321096	0,0496944376573229
			-0,737393715541245	-0,632516769641333	0,104876945899912
2,4	2,4	4,4	-0,737393715541245	-0,607175124517211	0,130218591024034
			-0,307332869978419	-0,257638432337463	0,0496944376409567
			-0,737393715541245	-0,609038174103263	0,128355541437983
2,4	3,4	4,4	-0,966798192579461	-0,809513369337719	0,157284823241742
			-0,307332869978419	-0,257638432321539	0,0496944376568799
			-0,737393715541245	-0,603449025380224	0,133944690161022
time = 	2,5
x	y	z	u*	u	|u* - u|
1,4	1,4	1,4	0,169967142900241	0,162372166460049	0,0075949764401918
			0,169967142900241	0,162372166458718	0,00759497644152352
			0,169967142900241	0,162372166458801	0,0075949764414403
1,4	2,4	1,4	-0,737393715541245	-0,630450800909738	0,106942914631508
			0,169967142900241	0,162372166454449	0,00759497644579218
			0,169967142900241	0,171042819384233	0,00107567648399212
1,4	3,4	1,4	-0,966798192579461	-0,837153496305946	0,129644696273515
			0,169967142900241	0,162372166467945	0,00759497643229604
			0,169967142900241	0,173587384281147	0,0036202413809063
2,4	1,4	1,4	0,169967142900241	0,162372166457456	0,00759497644278517
			0,169967142900241	0,171042819385201	0,00107567648496015
			-0,737393715541245	-0,63045080091005	0,106942914631196
2,4	2,4	1,4	-0,737393715541245	-0,630450800905039	0,106942914636206
			0,169967142900241	0,171042819382374	0,00107567648213322
			-0,737393715541245	-0,602587727111428	0,134805988429818
2,4	3,4	1,4	-0,966798192579461	-0,837153496313828	0,129644696265633
			0,169967142900241	0,171042819390392	0,00107567649015064
			-0,737393715541245	-0,595070290639018	0,142323424902227
1,4	1,4	2,4	0,169967142900241	0,171042819387972	0,00107567648773077
			-0,737393715541245	-0,630450800911864	0,106942914629381
			0,169967142900241	0,162372166454875	0,00759497644536641
1,4	2,4	2,4	-0,737393715541245	-0,602587727109802	0,134805988431444
			-0,737393715541245	-0,63045080091368	0,106942914627565
			0,169967142900241	0,171042819387	0,00107567648675935
1,4	3,4	2,4	-0,966798192579461	-0,80409604599045	0,162702146589011
			-0,737393715541245	-0,630450800901441	0,106942914639805
			0,169967142900241	0,173587384272301	0,00362024137206018
2,4	1,4	2,4	0,169967142900241	0,171042819384728	0,00107567648448703
			-0,737393715541245	-0,602587727119721	0,134805988421525
			-0,737393715541245	-0,630450800916593	0,106942914624652
2,4	2,4	2,4	-0,737393715541245	-0,602587727104664	0,134805988436581
			-0,737393715541245	-0,602587727114086	0,13480598842716
			-0,737393715541245	-0,602587727114168	0,134805988427078
2,4	3,4	2,4	-0,966798192579461	-0,804096045989791	0,16270214658967
			-0,737393715541245	-0,602587727105512	0,134805988435733
			-0,737393715541245	-0,595070290635172	0,142323424906074
1,4	1,4	3,4	0,169967142900241	0,173587384278305	0,00362024137806416
			-0,966798192579461	-0,837153496311426	0,129644696268035
			0,169967142900241	0,162372166461564	0,00759497643867751
1,4	2,4	3,4	-0,737393715541245	-0,595070290638958	0,142323424902287
			-0,966798192579461	-0,837153496310457	0,129644696269004
			0,169967142900241	0,171042819390238	0,00107567648999676
1,4	3,4	3,4	-0,966798192579461	-0,795683633006781	0,17111455957268
			-0,966798192579461	-0,837153496307819	0,129644696271642
			0,169967142900241	0,173587384292943	0,00362024139270156
2,4	1,4	3,4	0,169967142900241	0,173587384277124	0,00362024137688277
			-0,966798192579461	-0,804096046001269	0,162702146578192
			-0,737393715541245	-0,630450800898626	0,10694291464262
2,4	2,4	3,4	-0,737393715541245	-0,595070290633548	0,142323424907697
			-0,966798192579461	-0,804096045994132	0,162702146585329
			-0,737393715541245	-0,602587727083041	0,134805988458205
2,4	3,4	3,4	-0,966798192579461	-0,795683632994867	0,171114559584594
			-0,966798192579461	-0,804096045993199	0,162702146586263
			-0,737393715541245	-0,59507029061212	0,142323424929125
1,4	1,4	4,4	0,169967142900241	0,171891007688107	0,00192386478786563
			-0,307332869978419	-0,269545662193348	0,0377872077850713
			0,169967142900241	0,162372166454356	0,00759497644588494
1,4	2,4	4,4	-0,737393715541245	-0,600081914945352	0,137311800595894
			-0,307332869978419	-0,2695456621993	0,0377872077791193
			0,169967142900241	0,171042819387426	0,00107567648718479
1,4	3,4	4,4	-0,966798192579461	-0,801291908319237	0,165506284260225
			-0,307332869978419	-0,269545662187274	0,0377872077911455
			0,169967142900241	0,173587384273758	0,0036202413735168
2,4	1,4	4,4	0,169967142900241	0,171891007687896	0,00192386478765452
			-0,307332869978419	-0,252095960862826	0,0552369091155931
			-0,737393715541245	-0,630450800915386	0,106942914625859
2,4	2,4	4,4	-0,737393715541245	-0,600081914934815	0,137311800606431
			-0,307332869978419	-0,252095960876115	0,0552369091023042
			-0,737393715541245	-0,602587727112418	0,134805988428827
2,4	3,4	4,4	-0,966798192579461	-0,801291908321092	0,165506284258369
			-0,307332869978419	-0,252095960868484	0,055236909109935
			-0,737393715541245	-0,595070290631932	0,142323424909314
time = 	3
x	y	z	u*	u	|u* - u|
1,4	1,4	1,4	0,169967142900241	0,162808955213194	0,00715818768704674
			0,169967142900241	0,162808955211369	0,00715818768887197
			0,169967142900241	0,162808955215611	0,00715818768463014
1,4	2,4	1,4	-0,737393715541245	-0,629144468369365	0,10824924717188
			0,169967142900241	0,162808955204649	0,00715818769559159
			0,169967142900241	0,172418185322524	0,0024510424222827
1,4	3,4	1,4	-0,966798192579461	-0,835563814959254	0,131234377620207
			0,169967142900241	0,162808955222957	0,00715818767728443
			0,169967142900241	0,175387841293879	0,00542069839363837
2,4	1,4	1,4	0,169967142900241	0,162808955210469	0,00715818768977158
			0,169967142900241	0,172418185321979	0,0024510424217381
			-0,737393715541245	-0,629144468362338	0,108249247178907
2,4	2,4	1,4	-0,737393715541245	-0,629144468359714	0,108249247181531
			0,169967142900241	0,172418185318447	0,00245104241820571
			-0,737393715541245	-0,59847036606636	0,138923349474885
2,4	3,4	1,4	-0,966798192579461	-0,835563814966046	0,131234377613415
			0,169967142900241	0,17241818532696	0,00245104242671867
			-0,737393715541245	-0,589675635081958	0,147718080459287
1,4	1,4	2,4	0,169967142900241	0,172418185321272	0,00245104242103053
			-0,737393715541245	-0,629144468374571	0,108249247166675
			0,169967142900241	0,162808955211445	0,00715818768879639
1,4	2,4	2,4	-0,737393715541245	-0,598470366076854	0,138923349464391
			-0,737393715541245	-0,62914446837356	0,108249247167686
			0,169967142900241	0,172418185333055	0,00245104243281394
1,4	3,4	2,4	-0,966798192579461	-0,799088579274349	0,167709613305113
			-0,737393715541245	-0,629144468367485	0,10824924717376
			0,169967142900241	0,175387841290796	0,00542069839055545
2,4	1,4	2,4	0,169967142900241	0,172418185322702	0,00245104242246047
			-0,737393715541245	-0,598470366085858	0,138923349455387
			-0,737393715541245	-0,629144468367813	0,108249247173433
2,4	2,4	2,4	-0,737393715541245	-0,59847036606641	0,138923349474836
			-0,737393715541245	-0,598470366074367	0,138923349466879
			-0,737393715541245	-0,598470366064776	0,138923349476469
2,4	3,4	2,4	-0,966798192579461	-0,799088579272336	0,167709613307125
			-0,737393715541245	-0,59847036607115	0,138923349470095
			-0,737393715541245	-0,589675635075808	0,147718080465438
1,4	1,4	3,4	0,169967142900241	0,175387841289319	0,00542069838907841
			-0,966798192579461	-0,835563814972297	0,131234377607164
			0,169967142900241	0,162808955224026	0,00715818767621532
1,4	2,4	3,4	-0,737393715541245	-0,589675635084815	0,147718080456431
			-0,966798192579461	-0,8355638149634	0,131234377616061
			0,169967142900241	0,172418185334062	0,00245104243382105
1,4	3,4	3,4	-0,966798192579461	-0,789126271266795	0,177671921312666
			-0,966798192579461	-0,835563814975801	0,13123437760366
			0,169967142900241	0,175387841305991	0,00542069840575027
2,4	1,4	3,4	0,169967142900241	0,175387841295264	0,00542069839502307
			-0,966798192579461	-0,799088579291896	0,167709613287565
			-0,737393715541245	-0,629144468343368	0,108249247197877
2,4	2,4	3,4	-0,737393715541245	-0,589675635075281	0,147718080465965
			-0,966798192579461	-0,799088579271286	0,167709613308175
			-0,737393715541245	-0,59847036602355	0,138923349517696
2,4	3,4	3,4	-0,966798192579461	-0,789126271253021	0,17767192132644
			-0,966798192579461	-0,799088579282129	0,167709613297332
			-0,737393715541245	-0,589675635049613	0,147718080491632
1,4	1,4	4,4	0,169967142900241	0,173408070648886	0,00344092774864502
			-0,307332869978419	-0,268248629433085	0,0390842405453345
			0,169967142900241	0,16280895521377	0,00715818768647122
1,4	2,4	4,4	-0,737393715541245	-0,595538789071704	0,141854926469542
			-0,307332869978419	-0,268248629438126	0,039084240540293
			0,169967142900241	0,172418185337772	0,00245104243753072
1,4	3,4	4,4	-0,966798192579461	-0,795767809926834	0,171030382652627
			-0,307332869978419	-0,268248629427652	0,039084240550767
			0,169967142900241	0,175387841294086	0,00542069839384482
2,4	1,4	4,4	0,169967142900241	0,17340807065003	0,00344092774978935
			-0,307332869978419	-0,248032103092796	0,0593007668856234
			-0,737393715541245	-0,629144468362249	0,108249247178996
2,4	2,4	4,4	-0,737393715541245	-0,595538789052998	0,141854926488247
			-0,307332869978419	-0,248032103097548	0,0593007668808709
			-0,737393715541245	-0,598470366054896	0,138923349486349
2,4	3,4	4,4	-0,966798192579461	-0,795767809925345	0,171030382654116
			-0,307332869978419	-0,248032103102072	0,0593007668763477
			-0,737393715541245	-0,589675635065713	0,147718080475532
