0 1 110 111 1210 1211 1320 1321 2420 2421 2431 2432 0 0 
1 2 111 112 1221 1222 1331 1332 2431 2432 2442 2443 0 0 
2 3 112 113 1232 1233 1342 1343 2442 2443 2453 2454 0 0 
3 4 113 114 1243 1244 1353 1354 2453 2454 2464 2465 0 0 
4 5 114 115 1254 1255 1364 1365 2464 2465 2475 2476 0 0 
5 6 115 116 1265 1266 1375 1376 2475 2476 2486 2487 0 0 
6 7 116 117 1276 1277 1386 1387 2486 2487 2497 2498 0 0 
7 8 117 118 1287 1288 1397 1398 2497 2498 2508 2509 0 0 
8 9 118 119 1298 1299 1408 1409 2508 2509 2519 2520 0 0 
9 10 119 120 1309 1310 1419 1420 2519 2520 2530 2531 0 0 
11 12 121 122 1211 1212 1321 1322 2421 2422 2432 2433 0 0 
12 13 122 123 1222 1223 1332 1333 2432 2433 2443 2444 0 0 
13 14 123 124 1233 1234 1343 1344 2443 2444 2454 2455 0 0 
14 15 124 125 1244 1245 1354 1355 2454 2455 2465 2466 0 0 
15 16 125 126 1255 1256 1365 1366 2465 2466 2476 2477 0 0 
16 17 126 127 1266 1267 1376 1377 2476 2477 2487 2488 0 0 
17 18 127 128 1277 1278 1387 1388 2487 2488 2498 2499 0 0 
18 19 128 129 1288 1289 1398 1399 2498 2499 2509 2510 0 0 
19 20 129 130 1299 1300 1409 1410 2509 2510 2520 2521 0 0 
20 21 130 131 1310 1311 1420 1421 2520 2521 2531 2532 0 0 
22 23 132 133 1212 1213 1322 1323 2422 2423 2433 2434 0 0 
23 24 133 134 1223 1224 1333 1334 2433 2434 2444 2445 0 0 
24 25 134 135 1234 1235 1344 1345 2444 2445 2455 2456 0 0 
25 26 135 136 1245 1246 1355 1356 2455 2456 2466 2467 0 0 
26 27 136 137 1256 1257 1366 1367 2466 2467 2477 2478 0 0 
27 28 137 138 1267 1268 1377 1378 2477 2478 2488 2489 0 0 
28 29 138 139 1278 1279 1388 1389 2488 2489 2499 2500 0 0 
29 30 139 140 1289 1290 1399 1400 2499 2500 2510 2511 0 0 
30 31 140 141 1300 1301 1410 1411 2510 2511 2521 2522 0 0 
31 32 141 142 1311 1312 1421 1422 2521 2522 2532 2533 0 0 
33 34 143 144 1213 1214 1323 1324 2423 2424 2434 2435 0 0 
34 35 144 145 1224 1225 1334 1335 2434 2435 2445 2446 0 0 
35 36 145 146 1235 1236 1345 1346 2445 2446 2456 2457 0 0 
36 37 146 147 1246 1247 1356 1357 2456 2457 2467 2468 0 0 
37 38 147 148 1257 1258 1367 1368 2467 2468 2478 2479 0 0 
38 39 148 149 1268 1269 1378 1379 2478 2479 2489 2490 0 0 
39 40 149 150 1279 1280 1389 1390 2489 2490 2500 2501 0 0 
40 41 150 151 1290 1291 1400 1401 2500 2501 2511 2512 0 0 
41 42 151 152 1301 1302 1411 1412 2511 2512 2522 2523 0 0 
42 43 152 153 1312 1313 1422 1423 2522 2523 2533 2534 0 0 
44 45 154 155 1214 1215 1324 1325 2424 2425 2435 2436 0 0 
45 46 155 156 1225 1226 1335 1336 2435 2436 2446 2447 0 0 
46 47 156 157 1236 1237 1346 1347 2446 2447 2457 2458 0 0 
47 48 157 158 1247 1248 1357 1358 2457 2458 2468 2469 0 0 
48 49 158 159 1258 1259 1368 1369 2468 2469 2479 2480 0 0 
49 50 159 160 1269 1270 1379 1380 2479 2480 2490 2491 0 0 
50 51 160 161 1280 1281 1390 1391 2490 2491 2501 2502 0 0 
51 52 161 162 1291 1292 1401 1402 2501 2502 2512 2513 0 0 
52 53 162 163 1302 1303 1412 1413 2512 2513 2523 2524 0 0 
53 54 163 164 1313 1314 1423 1424 2523 2524 2534 2535 0 0 
55 56 165 166 1215 1216 1325 1326 2425 2426 2436 2437 0 0 
56 57 166 167 1226 1227 1336 1337 2436 2437 2447 2448 0 0 
57 58 167 168 1237 1238 1347 1348 2447 2448 2458 2459 0 0 
58 59 168 169 1248 1249 1358 1359 2458 2459 2469 2470 0 0 
59 60 169 170 1259 1260 1369 1370 2469 2470 2480 2481 0 0 
60 61 170 171 1270 1271 1380 1381 2480 2481 2491 2492 0 0 
61 62 171 172 1281 1282 1391 1392 2491 2492 2502 2503 0 0 
62 63 172 173 1292 1293 1402 1403 2502 2503 2513 2514 0 0 
63 64 173 174 1303 1304 1413 1414 2513 2514 2524 2525 0 0 
64 65 174 175 1314 1315 1424 1425 2524 2525 2535 2536 0 0 
66 67 176 177 1216 1217 1326 1327 2426 2427 2437 2438 0 0 
67 68 177 178 1227 1228 1337 1338 2437 2438 2448 2449 0 0 
68 69 178 179 1238 1239 1348 1349 2448 2449 2459 2460 0 0 
69 70 179 180 1249 1250 1359 1360 2459 2460 2470 2471 0 0 
70 71 180 181 1260 1261 1370 1371 2470 2471 2481 2482 0 0 
71 72 181 182 1271 1272 1381 1382 2481 2482 2492 2493 0 0 
72 73 182 183 1282 1283 1392 1393 2492 2493 2503 2504 0 0 
73 74 183 184 1293 1294 1403 1404 2503 2504 2514 2515 0 0 
74 75 184 185 1304 1305 1414 1415 2514 2515 2525 2526 0 0 
75 76 185 186 1315 1316 1425 1426 2525 2526 2536 2537 0 0 
77 78 187 188 1217 1218 1327 1328 2427 2428 2438 2439 0 0 
78 79 188 189 1228 1229 1338 1339 2438 2439 2449 2450 0 0 
79 80 189 190 1239 1240 1349 1350 2449 2450 2460 2461 0 0 
80 81 190 191 1250 1251 1360 1361 2460 2461 2471 2472 0 0 
81 82 191 192 1261 1262 1371 1372 2471 2472 2482 2483 0 0 
82 83 192 193 1272 1273 1382 1383 2482 2483 2493 2494 0 0 
83 84 193 194 1283 1284 1393 1394 2493 2494 2504 2505 0 0 
84 85 194 195 1294 1295 1404 1405 2504 2505 2515 2516 0 0 
85 86 195 196 1305 1306 1415 1416 2515 2516 2526 2527 0 0 
86 87 196 197 1316 1317 1426 1427 2526 2527 2537 2538 0 0 
88 89 198 199 1218 1219 1328 1329 2428 2429 2439 2440 0 0 
89 90 199 200 1229 1230 1339 1340 2439 2440 2450 2451 0 0 
90 91 200 201 1240 1241 1350 1351 2450 2451 2461 2462 0 0 
91 92 201 202 1251 1252 1361 1362 2461 2462 2472 2473 0 0 
92 93 202 203 1262 1263 1372 1373 2472 2473 2483 2484 0 0 
93 94 203 204 1273 1274 1383 1384 2483 2484 2494 2495 0 0 
94 95 204 205 1284 1285 1394 1395 2494 2495 2505 2506 0 0 
95 96 205 206 1295 1296 1405 1406 2505 2506 2516 2517 0 0 
96 97 206 207 1306 1307 1416 1417 2516 2517 2527 2528 0 0 
97 98 207 208 1317 1318 1427 1428 2527 2528 2538 2539 0 0 
99 100 209 210 1219 1220 1329 1330 2429 2430 2440 2441 0 0 
100 101 210 211 1230 1231 1340 1341 2440 2441 2451 2452 0 0 
101 102 211 212 1241 1242 1351 1352 2451 2452 2462 2463 0 0 
102 103 212 213 1252 1253 1362 1363 2462 2463 2473 2474 0 0 
103 104 213 214 1263 1264 1373 1374 2473 2474 2484 2485 0 0 
104 105 214 215 1274 1275 1384 1385 2484 2485 2495 2496 0 0 
105 106 215 216 1285 1286 1395 1396 2495 2496 2506 2507 0 0 
106 107 216 217 1296 1297 1406 1407 2506 2507 2517 2518 0 0 
107 108 217 218 1307 1308 1417 1418 2517 2518 2528 2529 0 0 
108 109 218 219 1318 1319 1428 1429 2528 2529 2539 2540 0 0 
110 111 220 221 1320 1321 1430 1431 2541 2542 2552 2553 0 0 
111 112 221 222 1331 1332 1441 1442 2552 2553 2563 2564 0 0 
112 113 222 223 1342 1343 1452 1453 2563 2564 2574 2575 0 0 
113 114 223 224 1353 1354 1463 1464 2574 2575 2585 2586 0 0 
114 115 224 225 1364 1365 1474 1475 2585 2586 2596 2597 0 0 
115 116 225 226 1375 1376 1485 1486 2596 2597 2607 2608 0 0 
116 117 226 227 1386 1387 1496 1497 2607 2608 2618 2619 0 0 
117 118 227 228 1397 1398 1507 1508 2618 2619 2629 2630 0 0 
118 119 228 229 1408 1409 1518 1519 2629 2630 2640 2641 0 0 
119 120 229 230 1419 1420 1529 1530 2640 2641 2651 2652 0 0 
121 122 231 232 1321 1322 1431 1432 2542 2543 2553 2554 0 0 
122 123 232 233 1332 1333 1442 1443 2553 2554 2564 2565 0 0 
123 124 233 234 1343 1344 1453 1454 2564 2565 2575 2576 0 0 
124 125 234 235 1354 1355 1464 1465 2575 2576 2586 2587 0 0 
125 126 235 236 1365 1366 1475 1476 2586 2587 2597 2598 0 0 
126 127 236 237 1376 1377 1486 1487 2597 2598 2608 2609 0 0 
127 128 237 238 1387 1388 1497 1498 2608 2609 2619 2620 0 0 
128 129 238 239 1398 1399 1508 1509 2619 2620 2630 2631 0 0 
129 130 239 240 1409 1410 1519 1520 2630 2631 2641 2642 0 0 
130 131 240 241 1420 1421 1530 1531 2641 2642 2652 2653 0 0 
132 133 242 243 1322 1323 1432 1433 2543 2544 2554 2555 0 0 
133 134 243 244 1333 1334 1443 1444 2554 2555 2565 2566 0 0 
134 135 244 245 1344 1345 1454 1455 2565 2566 2576 2577 0 0 
135 136 245 246 1355 1356 1465 1466 2576 2577 2587 2588 0 0 
136 137 246 247 1366 1367 1476 1477 2587 2588 2598 2599 0 0 
137 138 247 248 1377 1378 1487 1488 2598 2599 2609 2610 0 0 
138 139 248 249 1388 1389 1498 1499 2609 2610 2620 2621 0 0 
139 140 249 250 1399 1400 1509 1510 2620 2621 2631 2632 0 0 
140 141 250 251 1410 1411 1520 1521 2631 2632 2642 2643 0 0 
141 142 251 252 1421 1422 1531 1532 2642 2643 2653 2654 0 0 
143 144 253 254 1323 1324 1433 1434 2544 2545 2555 2556 0 0 
144 145 254 255 1334 1335 1444 1445 2555 2556 2566 2567 0 0 
145 146 255 256 1345 1346 1455 1456 2566 2567 2577 2578 0 0 
146 147 256 257 1356 1357 1466 1467 2577 2578 2588 2589 0 0 
147 148 257 258 1367 1368 1477 1478 2588 2589 2599 2600 0 0 
148 149 258 259 1378 1379 1488 1489 2599 2600 2610 2611 0 0 
149 150 259 260 1389 1390 1499 1500 2610 2611 2621 2622 0 0 
150 151 260 261 1400 1401 1510 1511 2621 2622 2632 2633 0 0 
151 152 261 262 1411 1412 1521 1522 2632 2633 2643 2644 0 0 
152 153 262 263 1422 1423 1532 1533 2643 2644 2654 2655 0 0 
154 155 264 265 1324 1325 1434 1435 2545 2546 2556 2557 0 0 
155 156 265 266 1335 1336 1445 1446 2556 2557 2567 2568 0 0 
156 157 266 267 1346 1347 1456 1457 2567 2568 2578 2579 0 0 
157 158 267 268 1357 1358 1467 1468 2578 2579 2589 2590 0 0 
158 159 268 269 1368 1369 1478 1479 2589 2590 2600 2601 0 0 
159 160 269 270 1379 1380 1489 1490 2600 2601 2611 2612 0 0 
160 161 270 271 1390 1391 1500 1501 2611 2612 2622 2623 0 0 
161 162 271 272 1401 1402 1511 1512 2622 2623 2633 2634 0 0 
162 163 272 273 1412 1413 1522 1523 2633 2634 2644 2645 0 0 
163 164 273 274 1423 1424 1533 1534 2644 2645 2655 2656 0 0 
165 166 275 276 1325 1326 1435 1436 2546 2547 2557 2558 0 0 
166 167 276 277 1336 1337 1446 1447 2557 2558 2568 2569 0 0 
167 168 277 278 1347 1348 1457 1458 2568 2569 2579 2580 0 0 
168 169 278 279 1358 1359 1468 1469 2579 2580 2590 2591 0 0 
169 170 279 280 1369 1370 1479 1480 2590 2591 2601 2602 0 0 
170 171 280 281 1380 1381 1490 1491 2601 2602 2612 2613 0 0 
171 172 281 282 1391 1392 1501 1502 2612 2613 2623 2624 0 0 
172 173 282 283 1402 1403 1512 1513 2623 2624 2634 2635 0 0 
173 174 283 284 1413 1414 1523 1524 2634 2635 2645 2646 0 0 
174 175 284 285 1424 1425 1534 1535 2645 2646 2656 2657 0 0 
176 177 286 287 1326 1327 1436 1437 2547 2548 2558 2559 0 0 
177 178 287 288 1337 1338 1447 1448 2558 2559 2569 2570 0 0 
178 179 288 289 1348 1349 1458 1459 2569 2570 2580 2581 0 0 
179 180 289 290 1359 1360 1469 1470 2580 2581 2591 2592 0 0 
180 181 290 291 1370 1371 1480 1481 2591 2592 2602 2603 0 0 
181 182 291 292 1381 1382 1491 1492 2602 2603 2613 2614 0 0 
182 183 292 293 1392 1393 1502 1503 2613 2614 2624 2625 0 0 
183 184 293 294 1403 1404 1513 1514 2624 2625 2635 2636 0 0 
184 185 294 295 1414 1415 1524 1525 2635 2636 2646 2647 0 0 
185 186 295 296 1425 1426 1535 1536 2646 2647 2657 2658 0 0 
187 188 297 298 1327 1328 1437 1438 2548 2549 2559 2560 0 0 
188 189 298 299 1338 1339 1448 1449 2559 2560 2570 2571 0 0 
189 190 299 300 1349 1350 1459 1460 2570 2571 2581 2582 0 0 
190 191 300 301 1360 1361 1470 1471 2581 2582 2592 2593 0 0 
191 192 301 302 1371 1372 1481 1482 2592 2593 2603 2604 0 0 
192 193 302 303 1382 1383 1492 1493 2603 2604 2614 2615 0 0 
193 194 303 304 1393 1394 1503 1504 2614 2615 2625 2626 0 0 
194 195 304 305 1404 1405 1514 1515 2625 2626 2636 2637 0 0 
195 196 305 306 1415 1416 1525 1526 2636 2637 2647 2648 0 0 
196 197 306 307 1426 1427 1536 1537 2647 2648 2658 2659 0 0 
198 199 308 309 1328 1329 1438 1439 2549 2550 2560 2561 0 0 
199 200 309 310 1339 1340 1449 1450 2560 2561 2571 2572 0 0 
200 201 310 311 1350 1351 1460 1461 2571 2572 2582 2583 0 0 
201 202 311 312 1361 1362 1471 1472 2582 2583 2593 2594 0 0 
202 203 312 313 1372 1373 1482 1483 2593 2594 2604 2605 0 0 
203 204 313 314 1383 1384 1493 1494 2604 2605 2615 2616 0 0 
204 205 314 315 1394 1395 1504 1505 2615 2616 2626 2627 0 0 
205 206 315 316 1405 1406 1515 1516 2626 2627 2637 2638 0 0 
206 207 316 317 1416 1417 1526 1527 2637 2638 2648 2649 0 0 
207 208 317 318 1427 1428 1537 1538 2648 2649 2659 2660 0 0 
209 210 319 320 1329 1330 1439 1440 2550 2551 2561 2562 0 0 
210 211 320 321 1340 1341 1450 1451 2561 2562 2572 2573 0 0 
211 212 321 322 1351 1352 1461 1462 2572 2573 2583 2584 0 0 
212 213 322 323 1362 1363 1472 1473 2583 2584 2594 2595 0 0 
213 214 323 324 1373 1374 1483 1484 2594 2595 2605 2606 0 0 
214 215 324 325 1384 1385 1494 1495 2605 2606 2616 2617 0 0 
215 216 325 326 1395 1396 1505 1506 2616 2617 2627 2628 0 0 
216 217 326 327 1406 1407 1516 1517 2627 2628 2638 2639 0 0 
217 218 327 328 1417 1418 1527 1528 2638 2639 2649 2650 0 0 
218 219 328 329 1428 1429 1538 1539 2649 2650 2660 2661 0 0 
220 221 330 331 1430 1431 1540 1541 2662 2663 2673 2674 0 0 
221 222 331 332 1441 1442 1551 1552 2673 2674 2684 2685 0 0 
222 223 332 333 1452 1453 1562 1563 2684 2685 2695 2696 0 0 
223 224 333 334 1463 1464 1573 1574 2695 2696 2706 2707 0 0 
224 225 334 335 1474 1475 1584 1585 2706 2707 2717 2718 0 0 
225 226 335 336 1485 1486 1595 1596 2717 2718 2728 2729 0 0 
226 227 336 337 1496 1497 1606 1607 2728 2729 2739 2740 0 0 
227 228 337 338 1507 1508 1617 1618 2739 2740 2750 2751 0 0 
228 229 338 339 1518 1519 1628 1629 2750 2751 2761 2762 0 0 
229 230 339 340 1529 1530 1639 1640 2761 2762 2772 2773 0 0 
231 232 341 342 1431 1432 1541 1542 2663 2664 2674 2675 0 0 
232 233 342 343 1442 1443 1552 1553 2674 2675 2685 2686 0 0 
233 234 343 344 1453 1454 1563 1564 2685 2686 2696 2697 0 0 
234 235 344 345 1464 1465 1574 1575 2696 2697 2707 2708 0 0 
235 236 345 346 1475 1476 1585 1586 2707 2708 2718 2719 0 0 
236 237 346 347 1486 1487 1596 1597 2718 2719 2729 2730 0 0 
237 238 347 348 1497 1498 1607 1608 2729 2730 2740 2741 0 0 
238 239 348 349 1508 1509 1618 1619 2740 2741 2751 2752 0 0 
239 240 349 350 1519 1520 1629 1630 2751 2752 2762 2763 0 0 
240 241 350 351 1530 1531 1640 1641 2762 2763 2773 2774 0 0 
242 243 352 353 1432 1433 1542 1543 2664 2665 2675 2676 0 0 
243 244 353 354 1443 1444 1553 1554 2675 2676 2686 2687 0 0 
244 245 354 355 1454 1455 1564 1565 2686 2687 2697 2698 0 0 
245 246 355 356 1465 1466 1575 1576 2697 2698 2708 2709 0 0 
246 247 356 357 1476 1477 1586 1587 2708 2709 2719 2720 0 0 
247 248 357 358 1487 1488 1597 1598 2719 2720 2730 2731 0 0 
248 249 358 359 1498 1499 1608 1609 2730 2731 2741 2742 0 0 
249 250 359 360 1509 1510 1619 1620 2741 2742 2752 2753 0 0 
250 251 360 361 1520 1521 1630 1631 2752 2753 2763 2764 0 0 
251 252 361 362 1531 1532 1641 1642 2763 2764 2774 2775 0 0 
253 254 363 364 1433 1434 1543 1544 2665 2666 2676 2677 0 0 
254 255 364 365 1444 1445 1554 1555 2676 2677 2687 2688 0 0 
255 256 365 366 1455 1456 1565 1566 2687 2688 2698 2699 0 0 
256 257 366 367 1466 1467 1576 1577 2698 2699 2709 2710 0 0 
257 258 367 368 1477 1478 1587 1588 2709 2710 2720 2721 0 0 
258 259 368 369 1488 1489 1598 1599 2720 2721 2731 2732 0 0 
259 260 369 370 1499 1500 1609 1610 2731 2732 2742 2743 0 0 
260 261 370 371 1510 1511 1620 1621 2742 2743 2753 2754 0 0 
261 262 371 372 1521 1522 1631 1632 2753 2754 2764 2765 0 0 
262 263 372 373 1532 1533 1642 1643 2764 2765 2775 2776 0 0 
264 265 374 375 1434 1435 1544 1545 2666 2667 2677 2678 0 0 
265 266 375 376 1445 1446 1555 1556 2677 2678 2688 2689 0 0 
266 267 376 377 1456 1457 1566 1567 2688 2689 2699 2700 0 0 
267 268 377 378 1467 1468 1577 1578 2699 2700 2710 2711 0 0 
268 269 378 379 1478 1479 1588 1589 2710 2711 2721 2722 0 0 
269 270 379 380 1489 1490 1599 1600 2721 2722 2732 2733 0 0 
270 271 380 381 1500 1501 1610 1611 2732 2733 2743 2744 0 0 
271 272 381 382 1511 1512 1621 1622 2743 2744 2754 2755 0 0 
272 273 382 383 1522 1523 1632 1633 2754 2755 2765 2766 0 0 
273 274 383 384 1533 1534 1643 1644 2765 2766 2776 2777 0 0 
275 276 385 386 1435 1436 1545 1546 2667 2668 2678 2679 0 0 
276 277 386 387 1446 1447 1556 1557 2678 2679 2689 2690 0 0 
277 278 387 388 1457 1458 1567 1568 2689 2690 2700 2701 0 0 
278 279 388 389 1468 1469 1578 1579 2700 2701 2711 2712 0 0 
279 280 389 390 1479 1480 1589 1590 2711 2712 2722 2723 0 0 
280 281 390 391 1490 1491 1600 1601 2722 2723 2733 2734 0 0 
281 282 391 392 1501 1502 1611 1612 2733 2734 2744 2745 0 0 
282 283 392 393 1512 1513 1622 1623 2744 2745 2755 2756 0 0 
283 284 393 394 1523 1524 1633 1634 2755 2756 2766 2767 0 0 
284 285 394 395 1534 1535 1644 1645 2766 2767 2777 2778 0 0 
286 287 396 397 1436 1437 1546 1547 2668 2669 2679 2680 0 0 
287 288 397 398 1447 1448 1557 1558 2679 2680 2690 2691 0 0 
288 289 398 399 1458 1459 1568 1569 2690 2691 2701 2702 0 0 
289 290 399 400 1469 1470 1579 1580 2701 2702 2712 2713 0 0 
290 291 400 401 1480 1481 1590 1591 2712 2713 2723 2724 0 0 
291 292 401 402 1491 1492 1601 1602 2723 2724 2734 2735 0 0 
292 293 402 403 1502 1503 1612 1613 2734 2735 2745 2746 0 0 
293 294 403 404 1513 1514 1623 1624 2745 2746 2756 2757 0 0 
294 295 404 405 1524 1525 1634 1635 2756 2757 2767 2768 0 0 
295 296 405 406 1535 1536 1645 1646 2767 2768 2778 2779 0 0 
297 298 407 408 1437 1438 1547 1548 2669 2670 2680 2681 0 0 
298 299 408 409 1448 1449 1558 1559 2680 2681 2691 2692 0 0 
299 300 409 410 1459 1460 1569 1570 2691 2692 2702 2703 0 0 
300 301 410 411 1470 1471 1580 1581 2702 2703 2713 2714 0 0 
301 302 411 412 1481 1482 1591 1592 2713 2714 2724 2725 0 0 
302 303 412 413 1492 1493 1602 1603 2724 2725 2735 2736 0 0 
303 304 413 414 1503 1504 1613 1614 2735 2736 2746 2747 0 0 
304 305 414 415 1514 1515 1624 1625 2746 2747 2757 2758 0 0 
305 306 415 416 1525 1526 1635 1636 2757 2758 2768 2769 0 0 
306 307 416 417 1536 1537 1646 1647 2768 2769 2779 2780 0 0 
308 309 418 419 1438 1439 1548 1549 2670 2671 2681 2682 0 0 
309 310 419 420 1449 1450 1559 1560 2681 2682 2692 2693 0 0 
310 311 420 421 1460 1461 1570 1571 2692 2693 2703 2704 0 0 
311 312 421 422 1471 1472 1581 1582 2703 2704 2714 2715 0 0 
312 313 422 423 1482 1483 1592 1593 2714 2715 2725 2726 0 0 
313 314 423 424 1493 1494 1603 1604 2725 2726 2736 2737 0 0 
314 315 424 425 1504 1505 1614 1615 2736 2737 2747 2748 0 0 
315 316 425 426 1515 1516 1625 1626 2747 2748 2758 2759 0 0 
316 317 426 427 1526 1527 1636 1637 2758 2759 2769 2770 0 0 
317 318 427 428 1537 1538 1647 1648 2769 2770 2780 2781 0 0 
319 320 429 430 1439 1440 1549 1550 2671 2672 2682 2683 0 0 
320 321 430 431 1450 1451 1560 1561 2682 2683 2693 2694 0 0 
321 322 431 432 1461 1462 1571 1572 2693 2694 2704 2705 0 0 
322 323 432 433 1472 1473 1582 1583 2704 2705 2715 2716 0 0 
323 324 433 434 1483 1484 1593 1594 2715 2716 2726 2727 0 0 
324 325 434 435 1494 1495 1604 1605 2726 2727 2737 2738 0 0 
325 326 435 436 1505 1506 1615 1616 2737 2738 2748 2749 0 0 
326 327 436 437 1516 1517 1626 1627 2748 2749 2759 2760 0 0 
327 328 437 438 1527 1528 1637 1638 2759 2760 2770 2771 0 0 
328 329 438 439 1538 1539 1648 1649 2770 2771 2781 2782 0 0 
330 331 440 441 1540 1541 1650 1651 2783 2784 2794 2795 0 0 
331 332 441 442 1551 1552 1661 1662 2794 2795 2805 2806 0 0 
332 333 442 443 1562 1563 1672 1673 2805 2806 2816 2817 0 0 
333 334 443 444 1573 1574 1683 1684 2816 2817 2827 2828 0 0 
334 335 444 445 1584 1585 1694 1695 2827 2828 2838 2839 0 0 
335 336 445 446 1595 1596 1705 1706 2838 2839 2849 2850 0 0 
336 337 446 447 1606 1607 1716 1717 2849 2850 2860 2861 0 0 
337 338 447 448 1617 1618 1727 1728 2860 2861 2871 2872 0 0 
338 339 448 449 1628 1629 1738 1739 2871 2872 2882 2883 0 0 
339 340 449 450 1639 1640 1749 1750 2882 2883 2893 2894 0 0 
341 342 451 452 1541 1542 1651 1652 2784 2785 2795 2796 0 0 
342 343 452 453 1552 1553 1662 1663 2795 2796 2806 2807 0 0 
343 344 453 454 1563 1564 1673 1674 2806 2807 2817 2818 0 0 
344 345 454 455 1574 1575 1684 1685 2817 2818 2828 2829 0 0 
345 346 455 456 1585 1586 1695 1696 2828 2829 2839 2840 0 0 
346 347 456 457 1596 1597 1706 1707 2839 2840 2850 2851 0 0 
347 348 457 458 1607 1608 1717 1718 2850 2851 2861 2862 0 0 
348 349 458 459 1618 1619 1728 1729 2861 2862 2872 2873 0 0 
349 350 459 460 1629 1630 1739 1740 2872 2873 2883 2884 0 0 
350 351 460 461 1640 1641 1750 1751 2883 2884 2894 2895 0 0 
352 353 462 463 1542 1543 1652 1653 2785 2786 2796 2797 0 0 
353 354 463 464 1553 1554 1663 1664 2796 2797 2807 2808 0 0 
354 355 464 465 1564 1565 1674 1675 2807 2808 2818 2819 0 0 
355 356 465 466 1575 1576 1685 1686 2818 2819 2829 2830 0 0 
356 357 466 467 1586 1587 1696 1697 2829 2830 2840 2841 0 0 
357 358 467 468 1597 1598 1707 1708 2840 2841 2851 2852 0 0 
358 359 468 469 1608 1609 1718 1719 2851 2852 2862 2863 0 0 
359 360 469 470 1619 1620 1729 1730 2862 2863 2873 2874 0 0 
360 361 470 471 1630 1631 1740 1741 2873 2874 2884 2885 0 0 
361 362 471 472 1641 1642 1751 1752 2884 2885 2895 2896 0 0 
363 364 473 474 1543 1544 1653 1654 2786 2787 2797 2798 0 0 
364 365 474 475 1554 1555 1664 1665 2797 2798 2808 2809 0 0 
365 366 475 476 1565 1566 1675 1676 2808 2809 2819 2820 0 0 
366 367 476 477 1576 1577 1686 1687 2819 2820 2830 2831 0 0 
367 368 477 478 1587 1588 1697 1698 2830 2831 2841 2842 0 0 
368 369 478 479 1598 1599 1708 1709 2841 2842 2852 2853 0 0 
369 370 479 480 1609 1610 1719 1720 2852 2853 2863 2864 0 0 
370 371 480 481 1620 1621 1730 1731 2863 2864 2874 2875 0 0 
371 372 481 482 1631 1632 1741 1742 2874 2875 2885 2886 0 0 
372 373 482 483 1642 1643 1752 1753 2885 2886 2896 2897 0 0 
374 375 484 485 1544 1545 1654 1655 2787 2788 2798 2799 0 0 
375 376 485 486 1555 1556 1665 1666 2798 2799 2809 2810 0 0 
376 377 486 487 1566 1567 1676 1677 2809 2810 2820 2821 0 0 
377 378 487 488 1577 1578 1687 1688 2820 2821 2831 2832 0 0 
378 379 488 489 1588 1589 1698 1699 2831 2832 2842 2843 0 0 
379 380 489 490 1599 1600 1709 1710 2842 2843 2853 2854 0 0 
380 381 490 491 1610 1611 1720 1721 2853 2854 2864 2865 0 0 
381 382 491 492 1621 1622 1731 1732 2864 2865 2875 2876 0 0 
382 383 492 493 1632 1633 1742 1743 2875 2876 2886 2887 0 0 
383 384 493 494 1643 1644 1753 1754 2886 2887 2897 2898 0 0 
385 386 495 496 1545 1546 1655 1656 2788 2789 2799 2800 0 0 
386 387 496 497 1556 1557 1666 1667 2799 2800 2810 2811 0 0 
387 388 497 498 1567 1568 1677 1678 2810 2811 2821 2822 0 0 
388 389 498 499 1578 1579 1688 1689 2821 2822 2832 2833 0 0 
389 390 499 500 1589 1590 1699 1700 2832 2833 2843 2844 0 0 
390 391 500 501 1600 1601 1710 1711 2843 2844 2854 2855 0 0 
391 392 501 502 1611 1612 1721 1722 2854 2855 2865 2866 0 0 
392 393 502 503 1622 1623 1732 1733 2865 2866 2876 2877 0 0 
393 394 503 504 1633 1634 1743 1744 2876 2877 2887 2888 0 0 
394 395 504 505 1644 1645 1754 1755 2887 2888 2898 2899 0 0 
396 397 506 507 1546 1547 1656 1657 2789 2790 2800 2801 0 0 
397 398 507 508 1557 1558 1667 1668 2800 2801 2811 2812 0 0 
398 399 508 509 1568 1569 1678 1679 2811 2812 2822 2823 0 0 
399 400 509 510 1579 1580 1689 1690 2822 2823 2833 2834 0 0 
400 401 510 511 1590 1591 1700 1701 2833 2834 2844 2845 0 0 
401 402 511 512 1601 1602 1711 1712 2844 2845 2855 2856 0 0 
402 403 512 513 1612 1613 1722 1723 2855 2856 2866 2867 0 0 
403 404 513 514 1623 1624 1733 1734 2866 2867 2877 2878 0 0 
404 405 514 515 1634 1635 1744 1745 2877 2878 2888 2889 0 0 
405 406 515 516 1645 1646 1755 1756 2888 2889 2899 2900 0 0 
407 408 517 518 1547 1548 1657 1658 2790 2791 2801 2802 0 0 
408 409 518 519 1558 1559 1668 1669 2801 2802 2812 2813 0 0 
409 410 519 520 1569 1570 1679 1680 2812 2813 2823 2824 0 0 
410 411 520 521 1580 1581 1690 1691 2823 2824 2834 2835 0 0 
411 412 521 522 1591 1592 1701 1702 2834 2835 2845 2846 0 0 
412 413 522 523 1602 1603 1712 1713 2845 2846 2856 2857 0 0 
413 414 523 524 1613 1614 1723 1724 2856 2857 2867 2868 0 0 
414 415 524 525 1624 1625 1734 1735 2867 2868 2878 2879 0 0 
415 416 525 526 1635 1636 1745 1746 2878 2879 2889 2890 0 0 
416 417 526 527 1646 1647 1756 1757 2889 2890 2900 2901 0 0 
418 419 528 529 1548 1549 1658 1659 2791 2792 2802 2803 0 0 
419 420 529 530 1559 1560 1669 1670 2802 2803 2813 2814 0 0 
420 421 530 531 1570 1571 1680 1681 2813 2814 2824 2825 0 0 
421 422 531 532 1581 1582 1691 1692 2824 2825 2835 2836 0 0 
422 423 532 533 1592 1593 1702 1703 2835 2836 2846 2847 0 0 
423 424 533 534 1603 1604 1713 1714 2846 2847 2857 2858 0 0 
424 425 534 535 1614 1615 1724 1725 2857 2858 2868 2869 0 0 
425 426 535 536 1625 1626 1735 1736 2868 2869 2879 2880 0 0 
426 427 536 537 1636 1637 1746 1747 2879 2880 2890 2891 0 0 
427 428 537 538 1647 1648 1757 1758 2890 2891 2901 2902 0 0 
429 430 539 540 1549 1550 1659 1660 2792 2793 2803 2804 0 0 
430 431 540 541 1560 1561 1670 1671 2803 2804 2814 2815 0 0 
431 432 541 542 1571 1572 1681 1682 2814 2815 2825 2826 0 0 
432 433 542 543 1582 1583 1692 1693 2825 2826 2836 2837 0 0 
433 434 543 544 1593 1594 1703 1704 2836 2837 2847 2848 0 0 
434 435 544 545 1604 1605 1714 1715 2847 2848 2858 2859 0 0 
435 436 545 546 1615 1616 1725 1726 2858 2859 2869 2870 0 0 
436 437 546 547 1626 1627 1736 1737 2869 2870 2880 2881 0 0 
437 438 547 548 1637 1638 1747 1748 2880 2881 2891 2892 0 0 
438 439 548 549 1648 1649 1758 1759 2891 2892 2902 2903 0 0 
440 441 550 551 1650 1651 1760 1761 2904 2905 2915 2916 0 0 
441 442 551 552 1661 1662 1771 1772 2915 2916 2926 2927 0 0 
442 443 552 553 1672 1673 1782 1783 2926 2927 2937 2938 0 0 
443 444 553 554 1683 1684 1793 1794 2937 2938 2948 2949 0 0 
444 445 554 555 1694 1695 1804 1805 2948 2949 2959 2960 0 0 
445 446 555 556 1705 1706 1815 1816 2959 2960 2970 2971 0 0 
446 447 556 557 1716 1717 1826 1827 2970 2971 2981 2982 0 0 
447 448 557 558 1727 1728 1837 1838 2981 2982 2992 2993 0 0 
448 449 558 559 1738 1739 1848 1849 2992 2993 3003 3004 0 0 
449 450 559 560 1749 1750 1859 1860 3003 3004 3014 3015 0 0 
451 452 561 562 1651 1652 1761 1762 2905 2906 2916 2917 0 0 
452 453 562 563 1662 1663 1772 1773 2916 2917 2927 2928 0 0 
453 454 563 564 1673 1674 1783 1784 2927 2928 2938 2939 0 0 
454 455 564 565 1684 1685 1794 1795 2938 2939 2949 2950 0 0 
455 456 565 566 1695 1696 1805 1806 2949 2950 2960 2961 0 0 
456 457 566 567 1706 1707 1816 1817 2960 2961 2971 2972 0 0 
457 458 567 568 1717 1718 1827 1828 2971 2972 2982 2983 0 0 
458 459 568 569 1728 1729 1838 1839 2982 2983 2993 2994 0 0 
459 460 569 570 1739 1740 1849 1850 2993 2994 3004 3005 0 0 
460 461 570 571 1750 1751 1860 1861 3004 3005 3015 3016 0 0 
462 463 572 573 1652 1653 1762 1763 2906 2907 2917 2918 0 0 
463 464 573 574 1663 1664 1773 1774 2917 2918 2928 2929 0 0 
464 465 574 575 1674 1675 1784 1785 2928 2929 2939 2940 0 0 
465 466 575 576 1685 1686 1795 1796 2939 2940 2950 2951 0 0 
466 467 576 577 1696 1697 1806 1807 2950 2951 2961 2962 0 0 
467 468 577 578 1707 1708 1817 1818 2961 2962 2972 2973 0 0 
468 469 578 579 1718 1719 1828 1829 2972 2973 2983 2984 0 0 
469 470 579 580 1729 1730 1839 1840 2983 2984 2994 2995 0 0 
470 471 580 581 1740 1741 1850 1851 2994 2995 3005 3006 0 0 
471 472 581 582 1751 1752 1861 1862 3005 3006 3016 3017 0 0 
473 474 583 584 1653 1654 1763 1764 2907 2908 2918 2919 0 0 
474 475 584 585 1664 1665 1774 1775 2918 2919 2929 2930 0 0 
475 476 585 586 1675 1676 1785 1786 2929 2930 2940 2941 0 0 
476 477 586 587 1686 1687 1796 1797 2940 2941 2951 2952 0 0 
477 478 587 588 1697 1698 1807 1808 2951 2952 2962 2963 0 0 
478 479 588 589 1708 1709 1818 1819 2962 2963 2973 2974 0 0 
479 480 589 590 1719 1720 1829 1830 2973 2974 2984 2985 0 0 
480 481 590 591 1730 1731 1840 1841 2984 2985 2995 2996 0 0 
481 482 591 592 1741 1742 1851 1852 2995 2996 3006 3007 0 0 
482 483 592 593 1752 1753 1862 1863 3006 3007 3017 3018 0 0 
484 485 594 595 1654 1655 1764 1765 2908 2909 2919 2920 0 0 
485 486 595 596 1665 1666 1775 1776 2919 2920 2930 2931 0 0 
486 487 596 597 1676 1677 1786 1787 2930 2931 2941 2942 0 0 
487 488 597 598 1687 1688 1797 1798 2941 2942 2952 2953 0 0 
488 489 598 599 1698 1699 1808 1809 2952 2953 2963 2964 0 0 
489 490 599 600 1709 1710 1819 1820 2963 2964 2974 2975 0 0 
490 491 600 601 1720 1721 1830 1831 2974 2975 2985 2986 0 0 
491 492 601 602 1731 1732 1841 1842 2985 2986 2996 2997 0 0 
492 493 602 603 1742 1743 1852 1853 2996 2997 3007 3008 0 0 
493 494 603 604 1753 1754 1863 1864 3007 3008 3018 3019 0 0 
495 496 605 606 1655 1656 1765 1766 2909 2910 2920 2921 0 0 
496 497 606 607 1666 1667 1776 1777 2920 2921 2931 2932 0 0 
497 498 607 608 1677 1678 1787 1788 2931 2932 2942 2943 0 0 
498 499 608 609 1688 1689 1798 1799 2942 2943 2953 2954 0 0 
499 500 609 610 1699 1700 1809 1810 2953 2954 2964 2965 0 0 
500 501 610 611 1710 1711 1820 1821 2964 2965 2975 2976 0 0 
501 502 611 612 1721 1722 1831 1832 2975 2976 2986 2987 0 0 
502 503 612 613 1732 1733 1842 1843 2986 2987 2997 2998 0 0 
503 504 613 614 1743 1744 1853 1854 2997 2998 3008 3009 0 0 
504 505 614 615 1754 1755 1864 1865 3008 3009 3019 3020 0 0 
506 507 616 617 1656 1657 1766 1767 2910 2911 2921 2922 0 0 
507 508 617 618 1667 1668 1777 1778 2921 2922 2932 2933 0 0 
508 509 618 619 1678 1679 1788 1789 2932 2933 2943 2944 0 0 
509 510 619 620 1689 1690 1799 1800 2943 2944 2954 2955 0 0 
510 511 620 621 1700 1701 1810 1811 2954 2955 2965 2966 0 0 
511 512 621 622 1711 1712 1821 1822 2965 2966 2976 2977 0 0 
512 513 622 623 1722 1723 1832 1833 2976 2977 2987 2988 0 0 
513 514 623 624 1733 1734 1843 1844 2987 2988 2998 2999 0 0 
514 515 624 625 1744 1745 1854 1855 2998 2999 3009 3010 0 0 
515 516 625 626 1755 1756 1865 1866 3009 3010 3020 3021 0 0 
517 518 627 628 1657 1658 1767 1768 2911 2912 2922 2923 0 0 
518 519 628 629 1668 1669 1778 1779 2922 2923 2933 2934 0 0 
519 520 629 630 1679 1680 1789 1790 2933 2934 2944 2945 0 0 
520 521 630 631 1690 1691 1800 1801 2944 2945 2955 2956 0 0 
521 522 631 632 1701 1702 1811 1812 2955 2956 2966 2967 0 0 
522 523 632 633 1712 1713 1822 1823 2966 2967 2977 2978 0 0 
523 524 633 634 1723 1724 1833 1834 2977 2978 2988 2989 0 0 
524 525 634 635 1734 1735 1844 1845 2988 2989 2999 3000 0 0 
525 526 635 636 1745 1746 1855 1856 2999 3000 3010 3011 0 0 
526 527 636 637 1756 1757 1866 1867 3010 3011 3021 3022 0 0 
528 529 638 639 1658 1659 1768 1769 2912 2913 2923 2924 0 0 
529 530 639 640 1669 1670 1779 1780 2923 2924 2934 2935 0 0 
530 531 640 641 1680 1681 1790 1791 2934 2935 2945 2946 0 0 
531 532 641 642 1691 1692 1801 1802 2945 2946 2956 2957 0 0 
532 533 642 643 1702 1703 1812 1813 2956 2957 2967 2968 0 0 
533 534 643 644 1713 1714 1823 1824 2967 2968 2978 2979 0 0 
534 535 644 645 1724 1725 1834 1835 2978 2979 2989 2990 0 0 
535 536 645 646 1735 1736 1845 1846 2989 2990 3000 3001 0 0 
536 537 646 647 1746 1747 1856 1857 3000 3001 3011 3012 0 0 
537 538 647 648 1757 1758 1867 1868 3011 3012 3022 3023 0 0 
539 540 649 650 1659 1660 1769 1770 2913 2914 2924 2925 0 0 
540 541 650 651 1670 1671 1780 1781 2924 2925 2935 2936 0 0 
541 542 651 652 1681 1682 1791 1792 2935 2936 2946 2947 0 0 
542 543 652 653 1692 1693 1802 1803 2946 2947 2957 2958 0 0 
543 544 653 654 1703 1704 1813 1814 2957 2958 2968 2969 0 0 
544 545 654 655 1714 1715 1824 1825 2968 2969 2979 2980 0 0 
545 546 655 656 1725 1726 1835 1836 2979 2980 2990 2991 0 0 
546 547 656 657 1736 1737 1846 1847 2990 2991 3001 3002 0 0 
547 548 657 658 1747 1748 1857 1858 3001 3002 3012 3013 0 0 
548 549 658 659 1758 1759 1868 1869 3012 3013 3023 3024 0 0 
550 551 660 661 1760 1761 1870 1871 3025 3026 3036 3037 0 0 
551 552 661 662 1771 1772 1881 1882 3036 3037 3047 3048 0 0 
552 553 662 663 1782 1783 1892 1893 3047 3048 3058 3059 0 0 
553 554 663 664 1793 1794 1903 1904 3058 3059 3069 3070 0 0 
554 555 664 665 1804 1805 1914 1915 3069 3070 3080 3081 0 0 
555 556 665 666 1815 1816 1925 1926 3080 3081 3091 3092 0 0 
556 557 666 667 1826 1827 1936 1937 3091 3092 3102 3103 0 0 
557 558 667 668 1837 1838 1947 1948 3102 3103 3113 3114 0 0 
558 559 668 669 1848 1849 1958 1959 3113 3114 3124 3125 0 0 
559 560 669 670 1859 1860 1969 1970 3124 3125 3135 3136 0 0 
561 562 671 672 1761 1762 1871 1872 3026 3027 3037 3038 0 0 
562 563 672 673 1772 1773 1882 1883 3037 3038 3048 3049 0 0 
563 564 673 674 1783 1784 1893 1894 3048 3049 3059 3060 0 0 
564 565 674 675 1794 1795 1904 1905 3059 3060 3070 3071 0 0 
565 566 675 676 1805 1806 1915 1916 3070 3071 3081 3082 0 0 
566 567 676 677 1816 1817 1926 1927 3081 3082 3092 3093 0 0 
567 568 677 678 1827 1828 1937 1938 3092 3093 3103 3104 0 0 
568 569 678 679 1838 1839 1948 1949 3103 3104 3114 3115 0 0 
569 570 679 680 1849 1850 1959 1960 3114 3115 3125 3126 0 0 
570 571 680 681 1860 1861 1970 1971 3125 3126 3136 3137 0 0 
572 573 682 683 1762 1763 1872 1873 3027 3028 3038 3039 0 0 
573 574 683 684 1773 1774 1883 1884 3038 3039 3049 3050 0 0 
574 575 684 685 1784 1785 1894 1895 3049 3050 3060 3061 0 0 
575 576 685 686 1795 1796 1905 1906 3060 3061 3071 3072 0 0 
576 577 686 687 1806 1807 1916 1917 3071 3072 3082 3083 0 0 
577 578 687 688 1817 1818 1927 1928 3082 3083 3093 3094 0 0 
578 579 688 689 1828 1829 1938 1939 3093 3094 3104 3105 0 0 
579 580 689 690 1839 1840 1949 1950 3104 3105 3115 3116 0 0 
580 581 690 691 1850 1851 1960 1961 3115 3116 3126 3127 0 0 
581 582 691 692 1861 1862 1971 1972 3126 3127 3137 3138 0 0 
583 584 693 694 1763 1764 1873 1874 3028 3029 3039 3040 0 0 
584 585 694 695 1774 1775 1884 1885 3039 3040 3050 3051 0 0 
585 586 695 696 1785 1786 1895 1896 3050 3051 3061 3062 0 0 
586 587 696 697 1796 1797 1906 1907 3061 3062 3072 3073 0 0 
587 588 697 698 1807 1808 1917 1918 3072 3073 3083 3084 0 0 
588 589 698 699 1818 1819 1928 1929 3083 3084 3094 3095 0 0 
589 590 699 700 1829 1830 1939 1940 3094 3095 3105 3106 0 0 
590 591 700 701 1840 1841 1950 1951 3105 3106 3116 3117 0 0 
591 592 701 702 1851 1852 1961 1962 3116 3117 3127 3128 0 0 
592 593 702 703 1862 1863 1972 1973 3127 3128 3138 3139 0 0 
594 595 704 705 1764 1765 1874 1875 3029 3030 3040 3041 0 0 
595 596 705 706 1775 1776 1885 1886 3040 3041 3051 3052 0 0 
596 597 706 707 1786 1787 1896 1897 3051 3052 3062 3063 0 0 
597 598 707 708 1797 1798 1907 1908 3062 3063 3073 3074 0 0 
598 599 708 709 1808 1809 1918 1919 3073 3074 3084 3085 0 0 
599 600 709 710 1819 1820 1929 1930 3084 3085 3095 3096 0 0 
600 601 710 711 1830 1831 1940 1941 3095 3096 3106 3107 0 0 
601 602 711 712 1841 1842 1951 1952 3106 3107 3117 3118 0 0 
602 603 712 713 1852 1853 1962 1963 3117 3118 3128 3129 0 0 
603 604 713 714 1863 1864 1973 1974 3128 3129 3139 3140 0 0 
605 606 715 716 1765 1766 1875 1876 3030 3031 3041 3042 0 0 
606 607 716 717 1776 1777 1886 1887 3041 3042 3052 3053 0 0 
607 608 717 718 1787 1788 1897 1898 3052 3053 3063 3064 0 0 
608 609 718 719 1798 1799 1908 1909 3063 3064 3074 3075 0 0 
609 610 719 720 1809 1810 1919 1920 3074 3075 3085 3086 0 0 
610 611 720 721 1820 1821 1930 1931 3085 3086 3096 3097 0 0 
611 612 721 722 1831 1832 1941 1942 3096 3097 3107 3108 0 0 
612 613 722 723 1842 1843 1952 1953 3107 3108 3118 3119 0 0 
613 614 723 724 1853 1854 1963 1964 3118 3119 3129 3130 0 0 
614 615 724 725 1864 1865 1974 1975 3129 3130 3140 3141 0 0 
616 617 726 727 1766 1767 1876 1877 3031 3032 3042 3043 0 0 
617 618 727 728 1777 1778 1887 1888 3042 3043 3053 3054 0 0 
618 619 728 729 1788 1789 1898 1899 3053 3054 3064 3065 0 0 
619 620 729 730 1799 1800 1909 1910 3064 3065 3075 3076 0 0 
620 621 730 731 1810 1811 1920 1921 3075 3076 3086 3087 0 0 
621 622 731 732 1821 1822 1931 1932 3086 3087 3097 3098 0 0 
622 623 732 733 1832 1833 1942 1943 3097 3098 3108 3109 0 0 
623 624 733 734 1843 1844 1953 1954 3108 3109 3119 3120 0 0 
624 625 734 735 1854 1855 1964 1965 3119 3120 3130 3131 0 0 
625 626 735 736 1865 1866 1975 1976 3130 3131 3141 3142 0 0 
627 628 737 738 1767 1768 1877 1878 3032 3033 3043 3044 0 0 
628 629 738 739 1778 1779 1888 1889 3043 3044 3054 3055 0 0 
629 630 739 740 1789 1790 1899 1900 3054 3055 3065 3066 0 0 
630 631 740 741 1800 1801 1910 1911 3065 3066 3076 3077 0 0 
631 632 741 742 1811 1812 1921 1922 3076 3077 3087 3088 0 0 
632 633 742 743 1822 1823 1932 1933 3087 3088 3098 3099 0 0 
633 634 743 744 1833 1834 1943 1944 3098 3099 3109 3110 0 0 
634 635 744 745 1844 1845 1954 1955 3109 3110 3120 3121 0 0 
635 636 745 746 1855 1856 1965 1966 3120 3121 3131 3132 0 0 
636 637 746 747 1866 1867 1976 1977 3131 3132 3142 3143 0 0 
638 639 748 749 1768 1769 1878 1879 3033 3034 3044 3045 0 0 
639 640 749 750 1779 1780 1889 1890 3044 3045 3055 3056 0 0 
640 641 750 751 1790 1791 1900 1901 3055 3056 3066 3067 0 0 
641 642 751 752 1801 1802 1911 1912 3066 3067 3077 3078 0 0 
642 643 752 753 1812 1813 1922 1923 3077 3078 3088 3089 0 0 
643 644 753 754 1823 1824 1933 1934 3088 3089 3099 3100 0 0 
644 645 754 755 1834 1835 1944 1945 3099 3100 3110 3111 0 0 
645 646 755 756 1845 1846 1955 1956 3110 3111 3121 3122 0 0 
646 647 756 757 1856 1857 1966 1967 3121 3122 3132 3133 0 0 
647 648 757 758 1867 1868 1977 1978 3132 3133 3143 3144 0 0 
649 650 759 760 1769 1770 1879 1880 3034 3035 3045 3046 0 0 
650 651 760 761 1780 1781 1890 1891 3045 3046 3056 3057 0 0 
651 652 761 762 1791 1792 1901 1902 3056 3057 3067 3068 0 0 
652 653 762 763 1802 1803 1912 1913 3067 3068 3078 3079 0 0 
653 654 763 764 1813 1814 1923 1924 3078 3079 3089 3090 0 0 
654 655 764 765 1824 1825 1934 1935 3089 3090 3100 3101 0 0 
655 656 765 766 1835 1836 1945 1946 3100 3101 3111 3112 0 0 
656 657 766 767 1846 1847 1956 1957 3111 3112 3122 3123 0 0 
657 658 767 768 1857 1858 1967 1968 3122 3123 3133 3134 0 0 
658 659 768 769 1868 1869 1978 1979 3133 3134 3144 3145 0 0 
660 661 770 771 1870 1871 1980 1981 3146 3147 3157 3158 0 0 
661 662 771 772 1881 1882 1991 1992 3157 3158 3168 3169 0 0 
662 663 772 773 1892 1893 2002 2003 3168 3169 3179 3180 0 0 
663 664 773 774 1903 1904 2013 2014 3179 3180 3190 3191 0 0 
664 665 774 775 1914 1915 2024 2025 3190 3191 3201 3202 0 0 
665 666 775 776 1925 1926 2035 2036 3201 3202 3212 3213 0 0 
666 667 776 777 1936 1937 2046 2047 3212 3213 3223 3224 0 0 
667 668 777 778 1947 1948 2057 2058 3223 3224 3234 3235 0 0 
668 669 778 779 1958 1959 2068 2069 3234 3235 3245 3246 0 0 
669 670 779 780 1969 1970 2079 2080 3245 3246 3256 3257 0 0 
671 672 781 782 1871 1872 1981 1982 3147 3148 3158 3159 0 0 
672 673 782 783 1882 1883 1992 1993 3158 3159 3169 3170 0 0 
673 674 783 784 1893 1894 2003 2004 3169 3170 3180 3181 0 0 
674 675 784 785 1904 1905 2014 2015 3180 3181 3191 3192 0 0 
675 676 785 786 1915 1916 2025 2026 3191 3192 3202 3203 0 0 
676 677 786 787 1926 1927 2036 2037 3202 3203 3213 3214 0 0 
677 678 787 788 1937 1938 2047 2048 3213 3214 3224 3225 0 0 
678 679 788 789 1948 1949 2058 2059 3224 3225 3235 3236 0 0 
679 680 789 790 1959 1960 2069 2070 3235 3236 3246 3247 0 0 
680 681 790 791 1970 1971 2080 2081 3246 3247 3257 3258 0 0 
682 683 792 793 1872 1873 1982 1983 3148 3149 3159 3160 0 0 
683 684 793 794 1883 1884 1993 1994 3159 3160 3170 3171 0 0 
684 685 794 795 1894 1895 2004 2005 3170 3171 3181 3182 0 0 
685 686 795 796 1905 1906 2015 2016 3181 3182 3192 3193 0 0 
686 687 796 797 1916 1917 2026 2027 3192 3193 3203 3204 0 0 
687 688 797 798 1927 1928 2037 2038 3203 3204 3214 3215 0 0 
688 689 798 799 1938 1939 2048 2049 3214 3215 3225 3226 0 0 
689 690 799 800 1949 1950 2059 2060 3225 3226 3236 3237 0 0 
690 691 800 801 1960 1961 2070 2071 3236 3237 3247 3248 0 0 
691 692 801 802 1971 1972 2081 2082 3247 3248 3258 3259 0 0 
693 694 803 804 1873 1874 1983 1984 3149 3150 3160 3161 0 0 
694 695 804 805 1884 1885 1994 1995 3160 3161 3171 3172 0 0 
695 696 805 806 1895 1896 2005 2006 3171 3172 3182 3183 0 0 
696 697 806 807 1906 1907 2016 2017 3182 3183 3193 3194 0 0 
697 698 807 808 1917 1918 2027 2028 3193 3194 3204 3205 0 0 
698 699 808 809 1928 1929 2038 2039 3204 3205 3215 3216 0 0 
699 700 809 810 1939 1940 2049 2050 3215 3216 3226 3227 0 0 
700 701 810 811 1950 1951 2060 2061 3226 3227 3237 3238 0 0 
701 702 811 812 1961 1962 2071 2072 3237 3238 3248 3249 0 0 
702 703 812 813 1972 1973 2082 2083 3248 3249 3259 3260 0 0 
704 705 814 815 1874 1875 1984 1985 3150 3151 3161 3162 0 0 
705 706 815 816 1885 1886 1995 1996 3161 3162 3172 3173 0 0 
706 707 816 817 1896 1897 2006 2007 3172 3173 3183 3184 0 0 
707 708 817 818 1907 1908 2017 2018 3183 3184 3194 3195 0 0 
708 709 818 819 1918 1919 2028 2029 3194 3195 3205 3206 0 0 
709 710 819 820 1929 1930 2039 2040 3205 3206 3216 3217 0 0 
710 711 820 821 1940 1941 2050 2051 3216 3217 3227 3228 0 0 
711 712 821 822 1951 1952 2061 2062 3227 3228 3238 3239 0 0 
712 713 822 823 1962 1963 2072 2073 3238 3239 3249 3250 0 0 
713 714 823 824 1973 1974 2083 2084 3249 3250 3260 3261 0 0 
715 716 825 826 1875 1876 1985 1986 3151 3152 3162 3163 0 0 
716 717 826 827 1886 1887 1996 1997 3162 3163 3173 3174 0 0 
717 718 827 828 1897 1898 2007 2008 3173 3174 3184 3185 0 0 
718 719 828 829 1908 1909 2018 2019 3184 3185 3195 3196 0 0 
719 720 829 830 1919 1920 2029 2030 3195 3196 3206 3207 0 0 
720 721 830 831 1930 1931 2040 2041 3206 3207 3217 3218 0 0 
721 722 831 832 1941 1942 2051 2052 3217 3218 3228 3229 0 0 
722 723 832 833 1952 1953 2062 2063 3228 3229 3239 3240 0 0 
723 724 833 834 1963 1964 2073 2074 3239 3240 3250 3251 0 0 
724 725 834 835 1974 1975 2084 2085 3250 3251 3261 3262 0 0 
726 727 836 837 1876 1877 1986 1987 3152 3153 3163 3164 0 0 
727 728 837 838 1887 1888 1997 1998 3163 3164 3174 3175 0 0 
728 729 838 839 1898 1899 2008 2009 3174 3175 3185 3186 0 0 
729 730 839 840 1909 1910 2019 2020 3185 3186 3196 3197 0 0 
730 731 840 841 1920 1921 2030 2031 3196 3197 3207 3208 0 0 
731 732 841 842 1931 1932 2041 2042 3207 3208 3218 3219 0 0 
732 733 842 843 1942 1943 2052 2053 3218 3219 3229 3230 0 0 
733 734 843 844 1953 1954 2063 2064 3229 3230 3240 3241 0 0 
734 735 844 845 1964 1965 2074 2075 3240 3241 3251 3252 0 0 
735 736 845 846 1975 1976 2085 2086 3251 3252 3262 3263 0 0 
737 738 847 848 1877 1878 1987 1988 3153 3154 3164 3165 0 0 
738 739 848 849 1888 1889 1998 1999 3164 3165 3175 3176 0 0 
739 740 849 850 1899 1900 2009 2010 3175 3176 3186 3187 0 0 
740 741 850 851 1910 1911 2020 2021 3186 3187 3197 3198 0 0 
741 742 851 852 1921 1922 2031 2032 3197 3198 3208 3209 0 0 
742 743 852 853 1932 1933 2042 2043 3208 3209 3219 3220 0 0 
743 744 853 854 1943 1944 2053 2054 3219 3220 3230 3231 0 0 
744 745 854 855 1954 1955 2064 2065 3230 3231 3241 3242 0 0 
745 746 855 856 1965 1966 2075 2076 3241 3242 3252 3253 0 0 
746 747 856 857 1976 1977 2086 2087 3252 3253 3263 3264 0 0 
748 749 858 859 1878 1879 1988 1989 3154 3155 3165 3166 0 0 
749 750 859 860 1889 1890 1999 2000 3165 3166 3176 3177 0 0 
750 751 860 861 1900 1901 2010 2011 3176 3177 3187 3188 0 0 
751 752 861 862 1911 1912 2021 2022 3187 3188 3198 3199 0 0 
752 753 862 863 1922 1923 2032 2033 3198 3199 3209 3210 0 0 
753 754 863 864 1933 1934 2043 2044 3209 3210 3220 3221 0 0 
754 755 864 865 1944 1945 2054 2055 3220 3221 3231 3232 0 0 
755 756 865 866 1955 1956 2065 2066 3231 3232 3242 3243 0 0 
756 757 866 867 1966 1967 2076 2077 3242 3243 3253 3254 0 0 
757 758 867 868 1977 1978 2087 2088 3253 3254 3264 3265 0 0 
759 760 869 870 1879 1880 1989 1990 3155 3156 3166 3167 0 0 
760 761 870 871 1890 1891 2000 2001 3166 3167 3177 3178 0 0 
761 762 871 872 1901 1902 2011 2012 3177 3178 3188 3189 0 0 
762 763 872 873 1912 1913 2022 2023 3188 3189 3199 3200 0 0 
763 764 873 874 1923 1924 2033 2034 3199 3200 3210 3211 0 0 
764 765 874 875 1934 1935 2044 2045 3210 3211 3221 3222 0 0 
765 766 875 876 1945 1946 2055 2056 3221 3222 3232 3233 0 0 
766 767 876 877 1956 1957 2066 2067 3232 3233 3243 3244 0 0 
767 768 877 878 1967 1968 2077 2078 3243 3244 3254 3255 0 0 
768 769 878 879 1978 1979 2088 2089 3254 3255 3265 3266 0 0 
770 771 880 881 1980 1981 2090 2091 3267 3268 3278 3279 0 0 
771 772 881 882 1991 1992 2101 2102 3278 3279 3289 3290 0 0 
772 773 882 883 2002 2003 2112 2113 3289 3290 3300 3301 0 0 
773 774 883 884 2013 2014 2123 2124 3300 3301 3311 3312 0 0 
774 775 884 885 2024 2025 2134 2135 3311 3312 3322 3323 0 0 
775 776 885 886 2035 2036 2145 2146 3322 3323 3333 3334 0 0 
776 777 886 887 2046 2047 2156 2157 3333 3334 3344 3345 0 0 
777 778 887 888 2057 2058 2167 2168 3344 3345 3355 3356 0 0 
778 779 888 889 2068 2069 2178 2179 3355 3356 3366 3367 0 0 
779 780 889 890 2079 2080 2189 2190 3366 3367 3377 3378 0 0 
781 782 891 892 1981 1982 2091 2092 3268 3269 3279 3280 0 0 
782 783 892 893 1992 1993 2102 2103 3279 3280 3290 3291 0 0 
783 784 893 894 2003 2004 2113 2114 3290 3291 3301 3302 0 0 
784 785 894 895 2014 2015 2124 2125 3301 3302 3312 3313 0 0 
785 786 895 896 2025 2026 2135 2136 3312 3313 3323 3324 0 0 
786 787 896 897 2036 2037 2146 2147 3323 3324 3334 3335 0 0 
787 788 897 898 2047 2048 2157 2158 3334 3335 3345 3346 0 0 
788 789 898 899 2058 2059 2168 2169 3345 3346 3356 3357 0 0 
789 790 899 900 2069 2070 2179 2180 3356 3357 3367 3368 0 0 
790 791 900 901 2080 2081 2190 2191 3367 3368 3378 3379 0 0 
792 793 902 903 1982 1983 2092 2093 3269 3270 3280 3281 0 0 
793 794 903 904 1993 1994 2103 2104 3280 3281 3291 3292 0 0 
794 795 904 905 2004 2005 2114 2115 3291 3292 3302 3303 0 0 
795 796 905 906 2015 2016 2125 2126 3302 3303 3313 3314 0 0 
796 797 906 907 2026 2027 2136 2137 3313 3314 3324 3325 0 0 
797 798 907 908 2037 2038 2147 2148 3324 3325 3335 3336 0 0 
798 799 908 909 2048 2049 2158 2159 3335 3336 3346 3347 0 0 
799 800 909 910 2059 2060 2169 2170 3346 3347 3357 3358 0 0 
800 801 910 911 2070 2071 2180 2181 3357 3358 3368 3369 0 0 
801 802 911 912 2081 2082 2191 2192 3368 3369 3379 3380 0 0 
803 804 913 914 1983 1984 2093 2094 3270 3271 3281 3282 0 0 
804 805 914 915 1994 1995 2104 2105 3281 3282 3292 3293 0 0 
805 806 915 916 2005 2006 2115 2116 3292 3293 3303 3304 0 0 
806 807 916 917 2016 2017 2126 2127 3303 3304 3314 3315 0 0 
807 808 917 918 2027 2028 2137 2138 3314 3315 3325 3326 0 0 
808 809 918 919 2038 2039 2148 2149 3325 3326 3336 3337 0 0 
809 810 919 920 2049 2050 2159 2160 3336 3337 3347 3348 0 0 
810 811 920 921 2060 2061 2170 2171 3347 3348 3358 3359 0 0 
811 812 921 922 2071 2072 2181 2182 3358 3359 3369 3370 0 0 
812 813 922 923 2082 2083 2192 2193 3369 3370 3380 3381 0 0 
814 815 924 925 1984 1985 2094 2095 3271 3272 3282 3283 0 0 
815 816 925 926 1995 1996 2105 2106 3282 3283 3293 3294 0 0 
816 817 926 927 2006 2007 2116 2117 3293 3294 3304 3305 0 0 
817 818 927 928 2017 2018 2127 2128 3304 3305 3315 3316 0 0 
818 819 928 929 2028 2029 2138 2139 3315 3316 3326 3327 0 0 
819 820 929 930 2039 2040 2149 2150 3326 3327 3337 3338 0 0 
820 821 930 931 2050 2051 2160 2161 3337 3338 3348 3349 0 0 
821 822 931 932 2061 2062 2171 2172 3348 3349 3359 3360 0 0 
822 823 932 933 2072 2073 2182 2183 3359 3360 3370 3371 0 0 
823 824 933 934 2083 2084 2193 2194 3370 3371 3381 3382 0 0 
825 826 935 936 1985 1986 2095 2096 3272 3273 3283 3284 0 0 
826 827 936 937 1996 1997 2106 2107 3283 3284 3294 3295 0 0 
827 828 937 938 2007 2008 2117 2118 3294 3295 3305 3306 0 0 
828 829 938 939 2018 2019 2128 2129 3305 3306 3316 3317 0 0 
829 830 939 940 2029 2030 2139 2140 3316 3317 3327 3328 0 0 
830 831 940 941 2040 2041 2150 2151 3327 3328 3338 3339 0 0 
831 832 941 942 2051 2052 2161 2162 3338 3339 3349 3350 0 0 
832 833 942 943 2062 2063 2172 2173 3349 3350 3360 3361 0 0 
833 834 943 944 2073 2074 2183 2184 3360 3361 3371 3372 0 0 
834 835 944 945 2084 2085 2194 2195 3371 3372 3382 3383 0 0 
836 837 946 947 1986 1987 2096 2097 3273 3274 3284 3285 0 0 
837 838 947 948 1997 1998 2107 2108 3284 3285 3295 3296 0 0 
838 839 948 949 2008 2009 2118 2119 3295 3296 3306 3307 0 0 
839 840 949 950 2019 2020 2129 2130 3306 3307 3317 3318 0 0 
840 841 950 951 2030 2031 2140 2141 3317 3318 3328 3329 0 0 
841 842 951 952 2041 2042 2151 2152 3328 3329 3339 3340 0 0 
842 843 952 953 2052 2053 2162 2163 3339 3340 3350 3351 0 0 
843 844 953 954 2063 2064 2173 2174 3350 3351 3361 3362 0 0 
844 845 954 955 2074 2075 2184 2185 3361 3362 3372 3373 0 0 
845 846 955 956 2085 2086 2195 2196 3372 3373 3383 3384 0 0 
847 848 957 958 1987 1988 2097 2098 3274 3275 3285 3286 0 0 
848 849 958 959 1998 1999 2108 2109 3285 3286 3296 3297 0 0 
849 850 959 960 2009 2010 2119 2120 3296 3297 3307 3308 0 0 
850 851 960 961 2020 2021 2130 2131 3307 3308 3318 3319 0 0 
851 852 961 962 2031 2032 2141 2142 3318 3319 3329 3330 0 0 
852 853 962 963 2042 2043 2152 2153 3329 3330 3340 3341 0 0 
853 854 963 964 2053 2054 2163 2164 3340 3341 3351 3352 0 0 
854 855 964 965 2064 2065 2174 2175 3351 3352 3362 3363 0 0 
855 856 965 966 2075 2076 2185 2186 3362 3363 3373 3374 0 0 
856 857 966 967 2086 2087 2196 2197 3373 3374 3384 3385 0 0 
858 859 968 969 1988 1989 2098 2099 3275 3276 3286 3287 0 0 
859 860 969 970 1999 2000 2109 2110 3286 3287 3297 3298 0 0 
860 861 970 971 2010 2011 2120 2121 3297 3298 3308 3309 0 0 
861 862 971 972 2021 2022 2131 2132 3308 3309 3319 3320 0 0 
862 863 972 973 2032 2033 2142 2143 3319 3320 3330 3331 0 0 
863 864 973 974 2043 2044 2153 2154 3330 3331 3341 3342 0 0 
864 865 974 975 2054 2055 2164 2165 3341 3342 3352 3353 0 0 
865 866 975 976 2065 2066 2175 2176 3352 3353 3363 3364 0 0 
866 867 976 977 2076 2077 2186 2187 3363 3364 3374 3375 0 0 
867 868 977 978 2087 2088 2197 2198 3374 3375 3385 3386 0 0 
869 870 979 980 1989 1990 2099 2100 3276 3277 3287 3288 0 0 
870 871 980 981 2000 2001 2110 2111 3287 3288 3298 3299 0 0 
871 872 981 982 2011 2012 2121 2122 3298 3299 3309 3310 0 0 
872 873 982 983 2022 2023 2132 2133 3309 3310 3320 3321 0 0 
873 874 983 984 2033 2034 2143 2144 3320 3321 3331 3332 0 0 
874 875 984 985 2044 2045 2154 2155 3331 3332 3342 3343 0 0 
875 876 985 986 2055 2056 2165 2166 3342 3343 3353 3354 0 0 
876 877 986 987 2066 2067 2176 2177 3353 3354 3364 3365 0 0 
877 878 987 988 2077 2078 2187 2188 3364 3365 3375 3376 0 0 
878 879 988 989 2088 2089 2198 2199 3375 3376 3386 3387 0 0 
880 881 990 991 2090 2091 2200 2201 3388 3389 3399 3400 0 0 
881 882 991 992 2101 2102 2211 2212 3399 3400 3410 3411 0 0 
882 883 992 993 2112 2113 2222 2223 3410 3411 3421 3422 0 0 
883 884 993 994 2123 2124 2233 2234 3421 3422 3432 3433 0 0 
884 885 994 995 2134 2135 2244 2245 3432 3433 3443 3444 0 0 
885 886 995 996 2145 2146 2255 2256 3443 3444 3454 3455 0 0 
886 887 996 997 2156 2157 2266 2267 3454 3455 3465 3466 0 0 
887 888 997 998 2167 2168 2277 2278 3465 3466 3476 3477 0 0 
888 889 998 999 2178 2179 2288 2289 3476 3477 3487 3488 0 0 
889 890 999 1000 2189 2190 2299 2300 3487 3488 3498 3499 0 0 
891 892 1001 1002 2091 2092 2201 2202 3389 3390 3400 3401 0 0 
892 893 1002 1003 2102 2103 2212 2213 3400 3401 3411 3412 0 0 
893 894 1003 1004 2113 2114 2223 2224 3411 3412 3422 3423 0 0 
894 895 1004 1005 2124 2125 2234 2235 3422 3423 3433 3434 0 0 
895 896 1005 1006 2135 2136 2245 2246 3433 3434 3444 3445 0 0 
896 897 1006 1007 2146 2147 2256 2257 3444 3445 3455 3456 0 0 
897 898 1007 1008 2157 2158 2267 2268 3455 3456 3466 3467 0 0 
898 899 1008 1009 2168 2169 2278 2279 3466 3467 3477 3478 0 0 
899 900 1009 1010 2179 2180 2289 2290 3477 3478 3488 3489 0 0 
900 901 1010 1011 2190 2191 2300 2301 3488 3489 3499 3500 0 0 
902 903 1012 1013 2092 2093 2202 2203 3390 3391 3401 3402 0 0 
903 904 1013 1014 2103 2104 2213 2214 3401 3402 3412 3413 0 0 
904 905 1014 1015 2114 2115 2224 2225 3412 3413 3423 3424 0 0 
905 906 1015 1016 2125 2126 2235 2236 3423 3424 3434 3435 0 0 
906 907 1016 1017 2136 2137 2246 2247 3434 3435 3445 3446 0 0 
907 908 1017 1018 2147 2148 2257 2258 3445 3446 3456 3457 0 0 
908 909 1018 1019 2158 2159 2268 2269 3456 3457 3467 3468 0 0 
909 910 1019 1020 2169 2170 2279 2280 3467 3468 3478 3479 0 0 
910 911 1020 1021 2180 2181 2290 2291 3478 3479 3489 3490 0 0 
911 912 1021 1022 2191 2192 2301 2302 3489 3490 3500 3501 0 0 
913 914 1023 1024 2093 2094 2203 2204 3391 3392 3402 3403 0 0 
914 915 1024 1025 2104 2105 2214 2215 3402 3403 3413 3414 0 0 
915 916 1025 1026 2115 2116 2225 2226 3413 3414 3424 3425 0 0 
916 917 1026 1027 2126 2127 2236 2237 3424 3425 3435 3436 0 0 
917 918 1027 1028 2137 2138 2247 2248 3435 3436 3446 3447 0 0 
918 919 1028 1029 2148 2149 2258 2259 3446 3447 3457 3458 0 0 
919 920 1029 1030 2159 2160 2269 2270 3457 3458 3468 3469 0 0 
920 921 1030 1031 2170 2171 2280 2281 3468 3469 3479 3480 0 0 
921 922 1031 1032 2181 2182 2291 2292 3479 3480 3490 3491 0 0 
922 923 1032 1033 2192 2193 2302 2303 3490 3491 3501 3502 0 0 
924 925 1034 1035 2094 2095 2204 2205 3392 3393 3403 3404 0 0 
925 926 1035 1036 2105 2106 2215 2216 3403 3404 3414 3415 0 0 
926 927 1036 1037 2116 2117 2226 2227 3414 3415 3425 3426 0 0 
927 928 1037 1038 2127 2128 2237 2238 3425 3426 3436 3437 0 0 
928 929 1038 1039 2138 2139 2248 2249 3436 3437 3447 3448 0 0 
929 930 1039 1040 2149 2150 2259 2260 3447 3448 3458 3459 0 0 
930 931 1040 1041 2160 2161 2270 2271 3458 3459 3469 3470 0 0 
931 932 1041 1042 2171 2172 2281 2282 3469 3470 3480 3481 0 0 
932 933 1042 1043 2182 2183 2292 2293 3480 3481 3491 3492 0 0 
933 934 1043 1044 2193 2194 2303 2304 3491 3492 3502 3503 0 0 
935 936 1045 1046 2095 2096 2205 2206 3393 3394 3404 3405 0 0 
936 937 1046 1047 2106 2107 2216 2217 3404 3405 3415 3416 0 0 
937 938 1047 1048 2117 2118 2227 2228 3415 3416 3426 3427 0 0 
938 939 1048 1049 2128 2129 2238 2239 3426 3427 3437 3438 0 0 
939 940 1049 1050 2139 2140 2249 2250 3437 3438 3448 3449 0 0 
940 941 1050 1051 2150 2151 2260 2261 3448 3449 3459 3460 0 0 
941 942 1051 1052 2161 2162 2271 2272 3459 3460 3470 3471 0 0 
942 943 1052 1053 2172 2173 2282 2283 3470 3471 3481 3482 0 0 
943 944 1053 1054 2183 2184 2293 2294 3481 3482 3492 3493 0 0 
944 945 1054 1055 2194 2195 2304 2305 3492 3493 3503 3504 0 0 
946 947 1056 1057 2096 2097 2206 2207 3394 3395 3405 3406 0 0 
947 948 1057 1058 2107 2108 2217 2218 3405 3406 3416 3417 0 0 
948 949 1058 1059 2118 2119 2228 2229 3416 3417 3427 3428 0 0 
949 950 1059 1060 2129 2130 2239 2240 3427 3428 3438 3439 0 0 
950 951 1060 1061 2140 2141 2250 2251 3438 3439 3449 3450 0 0 
951 952 1061 1062 2151 2152 2261 2262 3449 3450 3460 3461 0 0 
952 953 1062 1063 2162 2163 2272 2273 3460 3461 3471 3472 0 0 
953 954 1063 1064 2173 2174 2283 2284 3471 3472 3482 3483 0 0 
954 955 1064 1065 2184 2185 2294 2295 3482 3483 3493 3494 0 0 
955 956 1065 1066 2195 2196 2305 2306 3493 3494 3504 3505 0 0 
957 958 1067 1068 2097 2098 2207 2208 3395 3396 3406 3407 0 0 
958 959 1068 1069 2108 2109 2218 2219 3406 3407 3417 3418 0 0 
959 960 1069 1070 2119 2120 2229 2230 3417 3418 3428 3429 0 0 
960 961 1070 1071 2130 2131 2240 2241 3428 3429 3439 3440 0 0 
961 962 1071 1072 2141 2142 2251 2252 3439 3440 3450 3451 0 0 
962 963 1072 1073 2152 2153 2262 2263 3450 3451 3461 3462 0 0 
963 964 1073 1074 2163 2164 2273 2274 3461 3462 3472 3473 0 0 
964 965 1074 1075 2174 2175 2284 2285 3472 3473 3483 3484 0 0 
965 966 1075 1076 2185 2186 2295 2296 3483 3484 3494 3495 0 0 
966 967 1076 1077 2196 2197 2306 2307 3494 3495 3505 3506 0 0 
968 969 1078 1079 2098 2099 2208 2209 3396 3397 3407 3408 0 0 
969 970 1079 1080 2109 2110 2219 2220 3407 3408 3418 3419 0 0 
970 971 1080 1081 2120 2121 2230 2231 3418 3419 3429 3430 0 0 
971 972 1081 1082 2131 2132 2241 2242 3429 3430 3440 3441 0 0 
972 973 1082 1083 2142 2143 2252 2253 3440 3441 3451 3452 0 0 
973 974 1083 1084 2153 2154 2263 2264 3451 3452 3462 3463 0 0 
974 975 1084 1085 2164 2165 2274 2275 3462 3463 3473 3474 0 0 
975 976 1085 1086 2175 2176 2285 2286 3473 3474 3484 3485 0 0 
976 977 1086 1087 2186 2187 2296 2297 3484 3485 3495 3496 0 0 
977 978 1087 1088 2197 2198 2307 2308 3495 3496 3506 3507 0 0 
979 980 1089 1090 2099 2100 2209 2210 3397 3398 3408 3409 0 0 
980 981 1090 1091 2110 2111 2220 2221 3408 3409 3419 3420 0 0 
981 982 1091 1092 2121 2122 2231 2232 3419 3420 3430 3431 0 0 
982 983 1092 1093 2132 2133 2242 2243 3430 3431 3441 3442 0 0 
983 984 1093 1094 2143 2144 2253 2254 3441 3442 3452 3453 0 0 
984 985 1094 1095 2154 2155 2264 2265 3452 3453 3463 3464 0 0 
985 986 1095 1096 2165 2166 2275 2276 3463 3464 3474 3475 0 0 
986 987 1096 1097 2176 2177 2286 2287 3474 3475 3485 3486 0 0 
987 988 1097 1098 2187 2188 2297 2298 3485 3486 3496 3497 0 0 
988 989 1098 1099 2198 2199 2308 2309 3496 3497 3507 3508 0 0 
990 991 1100 1101 2200 2201 2310 2311 3509 3510 3520 3521 0 0 
991 992 1101 1102 2211 2212 2321 2322 3520 3521 3531 3532 0 0 
992 993 1102 1103 2222 2223 2332 2333 3531 3532 3542 3543 0 0 
993 994 1103 1104 2233 2234 2343 2344 3542 3543 3553 3554 0 0 
994 995 1104 1105 2244 2245 2354 2355 3553 3554 3564 3565 0 0 
995 996 1105 1106 2255 2256 2365 2366 3564 3565 3575 3576 0 0 
996 997 1106 1107 2266 2267 2376 2377 3575 3576 3586 3587 0 0 
997 998 1107 1108 2277 2278 2387 2388 3586 3587 3597 3598 0 0 
998 999 1108 1109 2288 2289 2398 2399 3597 3598 3608 3609 0 0 
999 1000 1109 1110 2299 2300 2409 2410 3608 3609 3619 3620 0 0 
1001 1002 1111 1112 2201 2202 2311 2312 3510 3511 3521 3522 0 0 
1002 1003 1112 1113 2212 2213 2322 2323 3521 3522 3532 3533 0 0 
1003 1004 1113 1114 2223 2224 2333 2334 3532 3533 3543 3544 0 0 
1004 1005 1114 1115 2234 2235 2344 2345 3543 3544 3554 3555 0 0 
1005 1006 1115 1116 2245 2246 2355 2356 3554 3555 3565 3566 0 0 
1006 1007 1116 1117 2256 2257 2366 2367 3565 3566 3576 3577 0 0 
1007 1008 1117 1118 2267 2268 2377 2378 3576 3577 3587 3588 0 0 
1008 1009 1118 1119 2278 2279 2388 2389 3587 3588 3598 3599 0 0 
1009 1010 1119 1120 2289 2290 2399 2400 3598 3599 3609 3610 0 0 
1010 1011 1120 1121 2300 2301 2410 2411 3609 3610 3620 3621 0 0 
1012 1013 1122 1123 2202 2203 2312 2313 3511 3512 3522 3523 0 0 
1013 1014 1123 1124 2213 2214 2323 2324 3522 3523 3533 3534 0 0 
1014 1015 1124 1125 2224 2225 2334 2335 3533 3534 3544 3545 0 0 
1015 1016 1125 1126 2235 2236 2345 2346 3544 3545 3555 3556 0 0 
1016 1017 1126 1127 2246 2247 2356 2357 3555 3556 3566 3567 0 0 
1017 1018 1127 1128 2257 2258 2367 2368 3566 3567 3577 3578 0 0 
1018 1019 1128 1129 2268 2269 2378 2379 3577 3578 3588 3589 0 0 
1019 1020 1129 1130 2279 2280 2389 2390 3588 3589 3599 3600 0 0 
1020 1021 1130 1131 2290 2291 2400 2401 3599 3600 3610 3611 0 0 
1021 1022 1131 1132 2301 2302 2411 2412 3610 3611 3621 3622 0 0 
1023 1024 1133 1134 2203 2204 2313 2314 3512 3513 3523 3524 0 0 
1024 1025 1134 1135 2214 2215 2324 2325 3523 3524 3534 3535 0 0 
1025 1026 1135 1136 2225 2226 2335 2336 3534 3535 3545 3546 0 0 
1026 1027 1136 1137 2236 2237 2346 2347 3545 3546 3556 3557 0 0 
1027 1028 1137 1138 2247 2248 2357 2358 3556 3557 3567 3568 0 0 
1028 1029 1138 1139 2258 2259 2368 2369 3567 3568 3578 3579 0 0 
1029 1030 1139 1140 2269 2270 2379 2380 3578 3579 3589 3590 0 0 
1030 1031 1140 1141 2280 2281 2390 2391 3589 3590 3600 3601 0 0 
1031 1032 1141 1142 2291 2292 2401 2402 3600 3601 3611 3612 0 0 
1032 1033 1142 1143 2302 2303 2412 2413 3611 3612 3622 3623 0 0 
1034 1035 1144 1145 2204 2205 2314 2315 3513 3514 3524 3525 0 0 
1035 1036 1145 1146 2215 2216 2325 2326 3524 3525 3535 3536 0 0 
1036 1037 1146 1147 2226 2227 2336 2337 3535 3536 3546 3547 0 0 
1037 1038 1147 1148 2237 2238 2347 2348 3546 3547 3557 3558 0 0 
1038 1039 1148 1149 2248 2249 2358 2359 3557 3558 3568 3569 0 0 
1039 1040 1149 1150 2259 2260 2369 2370 3568 3569 3579 3580 0 0 
1040 1041 1150 1151 2270 2271 2380 2381 3579 3580 3590 3591 0 0 
1041 1042 1151 1152 2281 2282 2391 2392 3590 3591 3601 3602 0 0 
1042 1043 1152 1153 2292 2293 2402 2403 3601 3602 3612 3613 0 0 
1043 1044 1153 1154 2303 2304 2413 2414 3612 3613 3623 3624 0 0 
1045 1046 1155 1156 2205 2206 2315 2316 3514 3515 3525 3526 0 0 
1046 1047 1156 1157 2216 2217 2326 2327 3525 3526 3536 3537 0 0 
1047 1048 1157 1158 2227 2228 2337 2338 3536 3537 3547 3548 0 0 
1048 1049 1158 1159 2238 2239 2348 2349 3547 3548 3558 3559 0 0 
1049 1050 1159 1160 2249 2250 2359 2360 3558 3559 3569 3570 0 0 
1050 1051 1160 1161 2260 2261 2370 2371 3569 3570 3580 3581 0 0 
1051 1052 1161 1162 2271 2272 2381 2382 3580 3581 3591 3592 0 0 
1052 1053 1162 1163 2282 2283 2392 2393 3591 3592 3602 3603 0 0 
1053 1054 1163 1164 2293 2294 2403 2404 3602 3603 3613 3614 0 0 
1054 1055 1164 1165 2304 2305 2414 2415 3613 3614 3624 3625 0 0 
1056 1057 1166 1167 2206 2207 2316 2317 3515 3516 3526 3527 0 0 
1057 1058 1167 1168 2217 2218 2327 2328 3526 3527 3537 3538 0 0 
1058 1059 1168 1169 2228 2229 2338 2339 3537 3538 3548 3549 0 0 
1059 1060 1169 1170 2239 2240 2349 2350 3548 3549 3559 3560 0 0 
1060 1061 1170 1171 2250 2251 2360 2361 3559 3560 3570 3571 0 0 
1061 1062 1171 1172 2261 2262 2371 2372 3570 3571 3581 3582 0 0 
1062 1063 1172 1173 2272 2273 2382 2383 3581 3582 3592 3593 0 0 
1063 1064 1173 1174 2283 2284 2393 2394 3592 3593 3603 3604 0 0 
1064 1065 1174 1175 2294 2295 2404 2405 3603 3604 3614 3615 0 0 
1065 1066 1175 1176 2305 2306 2415 2416 3614 3615 3625 3626 0 0 
1067 1068 1177 1178 2207 2208 2317 2318 3516 3517 3527 3528 0 0 
1068 1069 1178 1179 2218 2219 2328 2329 3527 3528 3538 3539 0 0 
1069 1070 1179 1180 2229 2230 2339 2340 3538 3539 3549 3550 0 0 
1070 1071 1180 1181 2240 2241 2350 2351 3549 3550 3560 3561 0 0 
1071 1072 1181 1182 2251 2252 2361 2362 3560 3561 3571 3572 0 0 
1072 1073 1182 1183 2262 2263 2372 2373 3571 3572 3582 3583 0 0 
1073 1074 1183 1184 2273 2274 2383 2384 3582 3583 3593 3594 0 0 
1074 1075 1184 1185 2284 2285 2394 2395 3593 3594 3604 3605 0 0 
1075 1076 1185 1186 2295 2296 2405 2406 3604 3605 3615 3616 0 0 
1076 1077 1186 1187 2306 2307 2416 2417 3615 3616 3626 3627 0 0 
1078 1079 1188 1189 2208 2209 2318 2319 3517 3518 3528 3529 0 0 
1079 1080 1189 1190 2219 2220 2329 2330 3528 3529 3539 3540 0 0 
1080 1081 1190 1191 2230 2231 2340 2341 3539 3540 3550 3551 0 0 
1081 1082 1191 1192 2241 2242 2351 2352 3550 3551 3561 3562 0 0 
1082 1083 1192 1193 2252 2253 2362 2363 3561 3562 3572 3573 0 0 
1083 1084 1193 1194 2263 2264 2373 2374 3572 3573 3583 3584 0 0 
1084 1085 1194 1195 2274 2275 2384 2385 3583 3584 3594 3595 0 0 
1085 1086 1195 1196 2285 2286 2395 2396 3594 3595 3605 3606 0 0 
1086 1087 1196 1197 2296 2297 2406 2407 3605 3606 3616 3617 0 0 
1087 1088 1197 1198 2307 2308 2417 2418 3616 3617 3627 3628 0 0 
1089 1090 1199 1200 2209 2210 2319 2320 3518 3519 3529 3530 0 0 
1090 1091 1200 1201 2220 2221 2330 2331 3529 3530 3540 3541 0 0 
1091 1092 1201 1202 2231 2232 2341 2342 3540 3541 3551 3552 0 0 
1092 1093 1202 1203 2242 2243 2352 2353 3551 3552 3562 3563 0 0 
1093 1094 1203 1204 2253 2254 2363 2364 3562 3563 3573 3574 0 0 
1094 1095 1204 1205 2264 2265 2374 2375 3573 3574 3584 3585 0 0 
1095 1096 1205 1206 2275 2276 2385 2386 3584 3585 3595 3596 0 0 
1096 1097 1206 1207 2286 2287 2396 2397 3595 3596 3606 3607 0 0 
1097 1098 1207 1208 2297 2298 2407 2408 3606 3607 3617 3618 0 0 
1098 1099 1208 1209 2308 2309 2418 2419 3617 3618 3628 3629 0 0 
